Date,Open,High,Low,Close,Volume,Dividends,Stock Splits,daily_return,cum_return,middle_band,upper_band,lower_band,Conversion,Baseline,SpanA,SpanB,Lagging
2018-03-08 00:00:00+05:30,506.3032048297902,513.7060930482207,506.3032048297902,509.6741638183594,6093014,0.0,0.0,,,,,,,,,,495.81585693359375
2018-03-09 00:00:00+05:30,512.1858588586739,513.7942306302045,509.1894925320255,512.6485595703125,4220964,0.0,0.0,0.005835877042833948,1.005835877042834,,,,,,,,496.1463317871094
2018-03-12 00:00:00+05:30,518.2007629664769,525.1850056889538,516.3280136105182,522.4970703125,7676970,0.0,0.0,0.019211037577950618,1.0251590278739549,,,,,,,,499.1866760253906
2018-03-13 00:00:00+05:30,520.0513846745872,527.4542731825827,517.8261503824675,521.6377563476562,8581052,0.0,0.0,-0.0016446292499396886,1.0234730213508736,,,,,,,,519.2802734375
2018-03-14 00:00:00+05:30,519.9633789077643,524.6342256213269,515.1603165988549,520.31591796875,4429710,0.0,0.0,-0.0025340159197090317,1.0208795244213777,,,,,,,,523.3562622070312
2018-03-15 00:00:00+05:30,519.9632023817389,523.6646461058243,516.4380281283034,521.0648193359375,6101500,0.0,0.0,0.0014393204999592069,1.0223488972488661,,,,,,,,508.726806640625
2018-03-16 00:00:00+05:30,520.8445652983452,521.0208347924663,515.2263180838326,516.39404296875,17954826,0.0,0.0,-0.008963906588704496,1.0131846572328622,,,,,,,,511.3044738769531
2018-03-19 00:00:00+05:30,512.9129256254088,520.1835985402018,503.5051262784893,505.311767578125,7526620,0.0,0.0,-0.021460889298631325,0.9914408134649161,,,,,,,,518.3989868164062
2018-03-20 00:00:00+05:30,506.1269846153921,515.5568384005272,506.1269846153921,513.1553344726562,8553766,0.0,0.0,0.015522232803174552,1.0068301885820872,,,,515.479699730536,,,,522.2545166015625
2018-03-21 00:00:00+05:30,515.5568173263517,517.980375014638,512.1197503615498,514.4552001953125,7692994,0.0,0.0,0.0025330843028106287,1.0093805743283804,,,,515.479699730536,,,,528.5557861328125
2018-03-22 00:00:00+05:30,513.1332539625811,518.8396091222897,509.0793244811547,511.7232055664063,6813168,0.0,0.0,-0.005310461684261303,1.004020297463572,,,,515.479699730536,,,,527.4763793945312
2018-03-23 00:00:00+05:30,505.42177306400777,517.2311263307148,503.37275511793416,514.4990844726562,12008084,0.0,0.0,0.0054245710885387766,1.0094666769414988,,,,515.4135141502584,,,,521.0869140625
2018-03-26 00:00:00+05:30,514.1907048342941,514.1907048342941,504.099883471854,509.0571594238281,8930722,0.0,0.0,-0.010577132619013163,0.9987894140250141,,,,514.0034903696305,,,,516.9227905273438
2018-03-27 00:00:00+05:30,511.1502894991606,511.72315185679776,506.7878754083874,508.5064086914063,3802088,0.0,0.0,-0.0010819035195285265,0.9977088202427126,,,,513.5187006118792,,,,521.2852172851562
2018-03-28 00:00:00+05:30,507.0743572973518,507.0743572973518,496.278509586046,498.72412109375,12558322,0.0,0.0,-0.01923729461508683,0.9785156017276327,,,,508.6496721892562,,,,513.5958862304688
2018-04-02 00:00:00+05:30,502.7779612288422,506.5455126032609,494.09724143348456,501.08148193359375,8072702,0.0,0.0,0.004726783285865288,0.9831408329188374,,,,507.1404199868432,,,,515.8652954101562
2018-04-03 00:00:00+05:30,500.00189495163903,503.901662105116,497.09363687319706,502.5356140136719,4077168,0.0,0.0,0.002901987266555661,0.9859938950971987,,,,506.46842527788715,,,,514.6754760742188
2018-04-04 00:00:00+05:30,504.0999193653993,504.3422966118197,493.52439658150985,495.3750915527344,4813302,0.0,0.0,-0.01424878607855784,0.9719446790111947,,,,506.1820028518998,,,,520.2938232421875
2018-04-05 00:00:00+05:30,502.1391621983862,507.31676292061735,497.5343701331847,505.6643371582031,7763544,0.0,0.0,0.020770615602043074,0.9921325683253874,,,,506.1820028518998,,,,524.061279296875
2018-04-06 00:00:00+05:30,503.6593275637149,504.9812680560081,494.44979804275954,496.6089782714844,5937742,0.0,0.0,-0.017907845622669782,0.9743656114545935,510.0465057373047,526.3891387790371,493.70387269557233,505.37776145611235,,,,526.3746948242188
2018-04-09 00:00:00+05:30,495.7277484632048,496.08028748918434,487.5978349043695,489.6688537597656,7202882,0.0,0.0,-0.01397502827249475,0.960748824486769,509.046240234375,527.6732797892976,490.41920067945233,500.8942698693318,,,,524.3477172851562
2018-04-10 00:00:00+05:30,489.9992641135984,495.507349366674,487.0910058579536,490.6161804199219,8926058,0.0,0.0,0.0019346271523754677,0.9626075152492339,507.94462127685546,528.146417335486,487.74282521822494,499.40707885737567,,,,521.2411499023438
2018-04-11 00:00:00+05:30,492.6432347042125,498.59196786030094,491.982264353536,495.3972778320313,9025574,0.0,0.0,0.009745087102543737,0.9719882093309009,506.58963165283205,526.3304932993883,486.8487700062758,497.20388438928546,,,,521.3734130859375
2018-04-12 00:00:00+05:30,497.6886851634318,516.7687199595044,495.7278277164293,512.296142578125,17044366,0.0,0.0,0.034111743245838655,1.0051444215655791,506.12255096435547,524.820640458003,487.4244614707079,501.929862908729,,,,519.7429809570312
2018-04-13 00:00:00+05:30,517.3194719167932,522.5631808994847,506.8541078128546,516.19580078125,21227038,0.0,0.0,0.0076121170530389914,1.0127956985577455,505.91654510498046,524.06129010882,487.7718001011409,504.82709337871916,,,,526.0662841796875
2018-04-16 00:00:00+05:30,485.592902169021,502.3374850024356,485.592902169021,499.341064453125,24745084,0.0,0.0,-0.03265182766426178,0.9797260679493324,504.83035736083986,521.7657193851257,487.89499533655396,504.07804153425286,506.5235876758019,505.30081460502737,,522.1224365234375
2018-04-17 00:00:00+05:30,496.6090428480702,496.78531236127645,491.3212801913028,495.81585693359375,10397940,0.0,0.0,-0.007059718838449691,0.9728094773709102,503.801448059082,520.2914188184506,487.31147729971354,504.07804153425286,506.5235876758019,505.30081460502737,,538.02978515625
2018-04-18 00:00:00+05:30,494.78033722048434,500.0240458374341,490.81451531033946,496.1463317871094,10430380,0.0,0.0,0.0006665273990216214,0.9734578815416057,503.3431762695312,520.1496376983579,486.53671484070463,504.07804153425286,506.5235876758019,505.30081460502737,,541.2464599609375
2018-04-19 00:00:00+05:30,495.2869629205155,502.2492033102645,494.8903700747901,499.1866760253906,8525542,0.0,0.0,0.006127918405301802,0.9794231520106906,502.64474334716795,518.9085432452921,486.38094344904374,504.07804153425286,506.5235876758019,505.30081460502737,,535.12158203125
2018-04-20 00:00:00+05:30,501.89677623318,526.0001380885587,500.9934286493727,519.2802734375,24272692,0.0,0.0,0.040252671750171665,1.0188475506530954,502.88599700927733,519.9747984054059,485.7971956131488,505.7965201287899,505.7965201287899,505.7965201287899,,536.135009765625
2018-04-23 00:00:00+05:30,514.675540446623,535.1215658250854,509.0572928946586,523.3562622070312,21830638,0.0,0.0,0.007849304081106956,1.0268447948904627,503.46764984130857,522.4305770409707,484.5047226416465,510.3572339970532,510.3572339970532,510.3572339970532,,533.9317626953125
2018-04-24 00:00:00+05:30,522.1665360494939,527.1899210783298,506.78794967284085,508.726806640625,8526216,0.0,0.0,-0.027953148978695275,0.9981412493608918,503.17903594970704,521.6247162017422,484.73335569767187,510.3572339970532,510.3572339970532,510.3572339970532,,542.788818359375
2018-04-25 00:00:00+05:30,507.6250840689796,515.9973727819229,504.6286644873389,511.3044738769531,11594178,0.0,0.0,0.00506689878080091,1.0031987300403455,503.2914016723633,521.9073907049558,484.67541263977085,510.3572339970532,510.3572339970532,510.3572339970532,,537.9417724609375
2018-04-26 00:00:00+05:30,517.3194235047799,520.6903828060409,511.1503673471421,518.3989868164062,11302084,0.0,0.0,0.013875319505145756,1.0171184329468117,503.7860305786133,523.4383700660642,484.1336910911624,510.3572339970532,510.3572339970532,510.3572339970532,,546.1376953125
2018-04-27 00:00:00+05:30,519.9631749735662,525.0746666136339,517.4074022585885,522.2545166015625,7663370,0.0,0.0,0.007437379090637908,1.0246831283127127,504.9625503540039,526.0433507275418,483.881749980466,512.9680405677125,510.3572339970532,511.66263728238283,,537.9636840820312
2018-04-30 00:00:00+05:30,520.7122523257661,532.2792297213363,520.2496055038758,528.5557861328125,5511678,0.0,0.0,0.012065514669463928,1.037046457628922,506.33626556396484,529.7086963980048,482.9638347299249,512.9680405677125,510.3572339970532,511.66263728238283,,545.2784423828125
2018-05-02 00:00:00+05:30,528.291565380275,529.4812904632629,520.4039753181496,527.4763793945312,10295042,0.0,0.0,-0.0020421812921181948,1.0349286207540949,507.5833038330078,532.6316722195895,482.53493544642606,515.0059679499377,510.3572339970532,512.6816009734955,,551.8880615234375
2018-05-03 00:00:00+05:30,527.5644007452942,530.8471980103365,518.2447098238047,521.0869140625,5332230,0.0,0.0,-0.012113272900230121,1.0223922479386418,508.86889495849607,533.9182810022855,483.8195089147066,518.0574972372291,510.3572339970532,514.2073656171411,,555.2371215820312
2018-05-04 00:00:00+05:30,522.1664986131684,522.6071454474412,508.947093584987,516.9227905273438,6023368,0.0,0.0,-0.007991226459117762,1.0142220799553177,509.43181762695315,534.675214438448,484.18842081545824,519.8751151562121,510.3572339970532,515.1161745766326,,556.2725219726562
2018-05-07 00:00:00+05:30,520.5140853069238,524.3697451980862,517.9803659498742,521.2852172851562,4638960,0.0,0.0,0.008439223105953797,1.022781326367045,510.6656295776367,535.6903464092243,485.64091274604914,518.4539471043375,510.3572339970532,514.4055905506954,,554.5540161132812
2018-05-08 00:00:00+05:30,519.0378633144743,519.0378633144743,511.6129756807581,513.5958862304688,5718556,0.0,0.0,-0.01475071764883995,1.0076945678052989,511.8619812011719,534.9497842541069,488.77417814823684,518.4539471043375,510.3572339970532,514.4055905506954,,561.7365112304688
2018-05-09 00:00:00+05:30,514.4552468704558,518.5973384169438,512.472335854681,515.8652954101562,3783504,0.0,0.0,0.004418666972478613,1.0121472345104063,513.1244369506836,534.0666663264476,492.18220757491963,520.6131616531616,510.3572339970532,515.4851978251074,,550.5888671875
2018-05-10 00:00:00+05:30,518.2006505678778,521.2851782498294,512.406134235947,514.6754760742188,3182862,0.0,0.0,-0.0023064535384018647,1.009812763939986,514.088346862793,533.369626046824,494.8070676787618,520.6131616531616,510.3572339970532,515.4851978251074,,569.0425415039062
2018-05-11 00:00:00+05:30,516.5703784812943,521.3733866230654,513.8163353771116,520.2938232421875,3311706,0.0,0.0,0.010916290806827877,1.0208361737316016,514.4882308959961,533.937075681017,495.0393861109753,520.6131616531616,510.3572339970532,515.4851978251074,,562.891357421875
2018-05-14 00:00:00+05:30,521.8800452857689,525.0306807752147,515.5567742400345,524.061279296875,4432094,0.0,0.0,0.007241016299618597,1.0282280651048323,514.8815048217773,534.7704940337042,494.9925156098504,519.8971457976618,510.3572339970532,515.1271898973575,,551.4328002929688
2018-05-15 00:00:00+05:30,523.5324904831106,532.3013732002664,523.5324904831106,526.3746948242188,5611974,0.0,0.0,0.004414398885656423,1.0327670739296317,516.233186340332,535.3659275558148,497.1004451248493,520.6242333926267,510.3572339970532,515.49073369484,,552.1211547851562
2018-05-16 00:00:00+05:30,523.1579922615451,527.8949460765054,521.9462133786483,524.3477172851562,6205004,0.0,0.0,-0.0038508263390956143,1.0287900672791928,517.6597793579101,534.5966946196302,500.7228640961901,520.6242333926267,510.3572339970532,515.49073369484,,553.6311645507812
2018-05-17 00:00:00+05:30,527.0136126609686,527.6525290533365,517.121112768701,521.2411499023438,9519598,0.0,0.0,-0.005924632224770576,1.0226948644940665,518.9145202636719,532.6806725328547,505.148367994489,521.9571744405123,510.3572339970532,516.1572042187827,,554.2086181640625
2018-05-18 00:00:00+05:30,521.2853052180934,522.8496232966296,516.878836027746,521.3734130859375,7139660,0.0,0.0,0.0002537466269088018,1.0229543698662888,520.0238571166992,530.3709983262268,509.6767159071717,521.9571744405123,510.3572339970532,516.1572042187827,,565.1340942382812
2018-05-21 00:00:00+05:30,519.765034816398,523.6647488413511,515.5568357098149,519.7429809570312,8475320,0.0,0.0,-0.003127186941228821,1.01975540031937,520.0469924926758,530.3893966555993,509.70458832975237,522.3537537181066,510.3572339970532,516.3554938575799,,567.5324096679688
2018-05-22 00:00:00+05:30,517.7601009773089,527.8949795496306,517.2754001513961,526.0662841796875,5636804,0.0,0.0,0.012166211866897703,1.0321619605720687,520.1824935913086,530.7656193193804,509.59936786323664,522.3537537181066,510.3572339970532,516.3554938575799,,564.0460205078125
2018-05-23 00:00:00+05:30,526.572958722021,532.1471518463882,520.624226552358,522.1224365234375,9538442,0.0,0.0,-0.007496864510904255,1.0244239822003505,520.8522750854493,530.040066389727,511.6644837811715,523.058854288689,512.9680405677125,518.0134474282007,,572.7510986328125
2018-05-24 00:00:00+05:30,527.8949079583845,540.9160434394269,527.8949079583845,538.02978515625,9740570,0.0,0.0,0.030466701907567728,1.055634802293012,522.1885406494141,533.0707560547114,511.3063252441168,528.2364088397308,515.8652793748831,522.050844107307,,580.5676879882812
2018-05-25 00:00:00+05:30,542.0395918889094,550.2136111522841,537.9416091196631,541.2464599609375,8901438,0.0,0.0,0.0059786184583690005,1.0619460400072978,523.3309143066406,536.8836960752266,509.7781325380546,532.8852234310496,522.5519906135371,527.7186070222933,,592.7813720703125
2018-05-28 00:00:00+05:30,542.4363094840207,543.1413337343055,531.4201374798773,535.12158203125,5739794,0.0,0.0,-0.011316245708340555,1.049928797689576,523.974267578125,538.4614426477872,509.48709250846287,532.8852234310496,525.6035199008284,529.244371665939,,601.2420043945312
2018-05-29 00:00:00+05:30,534.9673386256895,540.4754243419875,531.5082177639347,536.135009765625,3388934,0.0,0.0,0.0018938270636146282,1.051917181261509,524.3532287597657,539.6814381723668,509.0250193471645,532.8852234310496,527.4211378198115,530.1531806254305,,597.4446411132812
2018-05-30 00:00:00+05:30,536.2672124990656,541.4448129484198,531.2438276880955,533.9317626953125,6323066,0.0,0.0,-0.004109500461974447,1.047594327119156,524.6759979248047,540.522483175674,508.8295126739355,532.8852234310496,527.4211378198115,530.1531806254305,,570.2638549804688
2018-05-31 00:00:00+05:30,533.9317735280135,547.2833947714903,533.2928571032176,542.788818359375,19720340,0.0,0.0,0.016588366309866487,1.0649722055615465,525.7610931396484,543.3701380777123,508.1520482015845,532.8852234310496,527.4211378198115,530.1531806254305,,570.3748779296875
2018-06-01 00:00:00+05:30,542.1719720642535,549.1562148715392,536.3554005435259,537.9417724609375,4998356,0.0,0.0,-0.008929892684761076,1.0554621180536286,526.8120422363281,544.6954594548054,508.9286250178509,533.7445056518401,529.5803523686355,531.6624290102378,,576.8591918945312
2018-06-04 00:00:00+05:30,538.0738367565642,547.724013152549,534.0639613361942,546.1376953125,4270156,0.0,0.0,0.015235706299714158,1.071542828894768,528.0546661376953,547.6227626392953,508.48656963609545,535.418918852321,529.5803523686355,532.4996356104782,,577.9918823242188
2018-06-05 00:00:00+05:30,547.2833755099261,547.2833755099261,536.2672045052981,537.9636840820312,4710862,0.0,0.0,-0.014966942037926145,1.0555051094835446,529.2730560302734,548.1009933261715,510.44511873437534,539.0542595553343,529.5803523686355,534.3173059619849,,586.4524536132812
2018-06-06 00:00:00+05:30,539.8805182785983,547.0851375638986,537.6112299524204,545.2784423828125,4038184,0.0,0.0,0.01359712284903214,1.0698569421249735,530.7437133789062,549.7488004912349,511.7386262665777,540.7287194201898,529.5803523686355,535.1545358944127,,574.860595703125
2018-06-07 00:00:00+05:30,545.520736798092,554.333672772213,545.520736798092,551.8880615234375,6676226,0.0,0.0,0.012121548601374377,1.082825265045459,532.6043426513672,552.2356084578646,512.9730768448699,542.7887502301543,531.6403831786,537.2145667043771,,585.097900390625
2018-06-08 00:00:00+05:30,549.9273051723786,556.0963614804022,549.0680652740077,555.2371215820312,6459878,0.0,0.0,0.0060683683741027394,1.0893962476385404,534.3515075683594,555.4695347831696,513.2334803535491,543.6700945842488,532.5217275326945,538.0959110584716,,591.9596557617188
2018-06-11 00:00:00+05:30,557.6605701279145,559.6214268398613,553.033778803648,556.2725219726562,5171290,0.0,0.0,0.0018647895653569613,1.0914277423936758,535.9620697021485,558.5724772574737,513.3516621468233,545.4326272639785,535.6172012603097,540.5249142621441,,589.76123046875
2018-06-12 00:00:00+05:30,557.7487055187809,560.1722629988151,551.0067877401825,554.5540161132812,7839820,0.0,0.0,-0.0030893236525162404,1.0880559688540865,537.3710357666016,560.9190073133966,513.8230642198066,546.7325600510163,535.8926193397866,541.3125896954015,,587.3851928710938
2018-06-13 00:00:00+05:30,558.2113371500513,565.7904399069937,558.2113371500513,561.7365112304688,5766928,0.0,0.0,0.012951840413180316,1.102148296123293,539.2404754638671,564.2628077373885,514.2181431903458,549.927200621594,539.0982870714704,544.5127438465322,,584.786865234375
2018-06-14 00:00:00+05:30,556.4958278281724,556.4958278281724,548.101745839125,550.5888671875,7598848,5.0,0.0,-0.01984496969682481,1.0802761965853191,540.707861328125,564.7483403358721,516.6673823203779,549.927200621594,539.0982870714704,544.5127438465322,,598.7327270507812
2018-06-15 00:00:00+05:30,549.3897551924543,573.5948818359375,548.5014936642531,569.0425415039062,19957760,0.0,0.0,0.03351625035695083,1.1164830040447273,543.0913177490235,568.423479324922,517.7591561731249,554.9310431706178,543.7056086065245,549.3183258885712,,602.2191162109375
2018-06-18 00:00:00+05:30,570.2639174745374,573.483865606695,560.6484753127128,562.891357421875,8214846,0.0,0.0,-0.010809708648099381,1.104414148060449,545.2487365722657,569.578572216483,520.9189009280483,555.603055894179,544.575828037986,550.0894419660824,,611.6347045898438
2018-06-19 00:00:00+05:30,560.9372104258825,561.114873592095,549.8561684539003,551.4328002929688,7545700,0.0,0.0,-0.02035660519178717,1.0819320252801585,546.5170623779297,569.2935671652226,523.7405575906369,559.5578093170147,544.5758587728762,552.0668340449455,,614.56591796875
2018-06-20 00:00:00+05:30,554.4972434635702,556.2071360144747,549.833870571005,552.1211547851562,5371802,0.0,0.0,0.001248301682130304,1.0832826028472664,548.0169982910156,567.9091788919048,528.1248176901264,560.8483138375312,544.5758587728762,552.7120863052037,,609.902587890625
2018-06-21 00:00:00+05:30,553.3646427496019,558.0502434796114,548.9455638207717,553.6311645507812,5798790,0.0,0.0,0.0027349246674175376,1.0862452991595777,548.7970672607422,568.2763814602665,529.3177530612179,560.8483138375312,544.5758587728762,552.7120863052037,,609.9913330078125
2018-06-22 00:00:00+05:30,552.0545945873503,557.6062296897975,551.2551374465232,554.2086181640625,4343118,0.0,0.0,0.0010430294576169175,1.087378285004799,549.4451751708984,568.7360810121633,530.1542693296336,560.8483138375312,544.5758587728762,552.7120863052037,,600.0205688476562
2018-06-25 00:00:00+05:30,558.3389269767122,567.9543675889026,556.939904412068,565.1340942382812,7731178,0.0,0.0,0.019713652433648088,1.10881448257928,550.94580078125,570.2154147042618,531.6761868582382,560.8483138375312,544.5758587728762,552.7120863052037,,606.282958984375
2018-06-26 00:00:00+05:30,563.6018637778013,570.2194221151539,562.3805043409307,567.5324096679688,4483504,0.0,0.0,0.00424379886851467,1.1135200682258426,552.5156707763672,571.8191788498186,533.2121627029157,560.8483138375312,545.4351409936668,553.141727415599,,601.375244140625
2018-06-27 00:00:00+05:30,570.2416224328317,574.4608643185201,562.0918344756163,564.0460205078125,6952142,0.0,0.0,-0.006143066194573721,1.106679640737745,554.0213836669922,571.9241726558347,536.1185946781496,561.4811789913865,547.542545435439,554.5118622134128,,601.1976928710938
2018-06-28 00:00:00+05:30,566.8441912146327,576.4818083899298,566.8219629874021,572.7510986328125,10996818,0.0,0.0,0.015433276379049232,1.1237593334963176,555.519497680664,574.4100338702793,536.6289614910487,562.7136861053507,552.1883581741572,557.451022139754,510.3572339970532,605.8388671875
2018-06-29 00:00:00+05:30,576.5039350450018,584.0319294842211,569.9307783350774,580.5676879882812,9966600,0.0,0.0,0.013647445415866377,1.139095777660779,557.6507934570312,577.7223666202569,537.5792202938055,566.4887466524964,557.6378785861583,562.0633126193273,513.254472804224,604.3065795898438
2018-07-02 00:00:00+05:30,583.5878859638068,595.1352870559368,583.5878859638068,592.7813720703125,4830144,0.0,0.0,0.02103748509386172,1.1630594881037986,559.9829772949219,584.5513861058726,535.4145684839712,572.0404254383543,563.1895573720162,567.6149914051853,517.9032566606526,607.5487060546875
2018-07-03 00:00:00+05:30,591.5377583245327,603.085157854917,591.4711278688214,601.2420043945312,8127452,0.0,0.0,0.014272770236807064,1.1796595689492426,563.1468933105468,591.5948124921218,534.6989741289718,576.0153608378444,567.1644927715063,571.5899268046753,517.9032566606526,605.2392578125
2018-07-04 00:00:00+05:30,600.4869800103827,600.7534476074896,594.6244217981425,597.4446411132812,5025722,0.0,0.0,-0.006315864915449554,1.1722089984655417,565.7552032470703,596.6592541310556,534.851152363085,577.1701476507201,567.1644927715063,572.1673202111132,517.9032566606526,612.8782348632812
2018-07-05 00:00:00+05:30,598.2884930854611,598.3551235377231,563.2021655594042,570.2638549804688,17019902,0.0,0.0,-0.04549507060966129,1.1188792673110715,566.6739929199218,596.9539572250492,536.3940286147945,580.0125311334925,568.1890074790673,574.10076930628,517.9032566606526,615.3209838867188
2018-07-06 00:00:00+05:30,573.0396622532835,578.1915677692004,563.6018844405477,570.3748779296875,11215356,0.0,0.0,0.00019468698261193573,1.1190970985395312,567.4308807373047,597.2785295723978,537.5832319022117,582.5884961652666,568.5745595955557,575.5815278804112,517.9032566606526,625.6692504882812
2018-07-09 00:00:00+05:30,576.0375608812597,578.7023452800935,568.0654359074858,576.8591918945312,6644998,0.0,0.0,0.011368512562089261,1.1318195679624754,568.4602142333985,598.1148339598928,538.8055945069041,582.5884961652666,568.5745595955557,575.5815278804112,517.9032566606526,625.469482421875
2018-07-10 00:00:00+05:30,581.1452004250231,584.2318880572152,574.8385642234144,577.9918823242188,5974488,0.0,0.0,0.0019635475096921873,1.134041949456569,569.6321075439453,598.8401985795759,540.4240165083146,583.1436617071606,569.6761811801075,576.4099214436341,517.9032566606526,634.9072265625
2018-07-11 00:00:00+05:30,585.1645177523108,596.0678956276843,573.5282590481529,586.4524536132812,11899832,0.0,0.0,0.014637872170524036,1.1506419105487262,570.8679046630859,600.7265149951347,541.0092943310372,583.1436617071606,570.3481939036687,576.7459278054147,517.9032566606526,635.262451171875
2018-07-12 00:00:00+05:30,588.9617462866925,589.405877013734,570.4636906623788,574.860595703125,13272240,0.0,0.0,-0.019766066010527994,1.12789824659034,572.0814910888672,600.4655693757996,543.6974128019348,583.1436617071606,574.3029473265045,578.7233045168325,517.9032566606526,614.7879028320312
2018-07-13 00:00:00+05:30,584.0319756756328,591.4045357802886,576.6371873459047,585.097900390625,19496158,0.0,0.0,0.01780832564280832,1.1479842258575732,572.8842590332031,601.7882208721882,543.980297194218,583.1436617071606,575.593451847021,579.3685567770908,519.963287470617,614.65478515625
2018-07-16 00:00:00+05:30,585.0978574012408,614.854617473656,571.9071416758538,591.9596557617188,35344680,0.0,0.0,0.011727533745229168,1.1614472496053088,574.3376739501953,604.0071436644605,544.66820423593,589.0283915165301,581.4781816563905,585.2532865864603,520.8446318247115,620.6283569335938
2018-07-17 00:00:00+05:30,590.5606332851703,599.354443772047,583.0104105774083,589.76123046875,11161690,0.0,0.0,-0.0037138093307049758,1.157133855972603,576.2540954589844,604.6697367423644,547.8384541756043,589.0283915165301,581.4781816563905,585.2532865864603,522.6071645044411,612.1453247070312
2018-07-18 00:00:00+05:30,595.04644893169,596.6453089186907,583.5878529636811,587.3851928710938,6919016,0.0,0.0,-0.0040288128057650585,1.1524719802756762,578.0172973632813,604.5158566084227,551.5187381181398,589.2282509571019,581.4781816563905,585.3532163067462,522.8825825839181,628.6226806640625
2018-07-19 00:00:00+05:30,587.5849103028386,591.5376843368748,581.4114827907115,584.786865234375,5118864,0.0,0.0,-0.004423549773221791,1.1473739631086832,579.575082397461,603.6870630290877,555.4631017658343,591.4600266905709,581.4781816563905,586.4691041734807,525.6916710380074,632.7530517578125
2018-07-20 00:00:00+05:30,588.917447108674,607.1934405674893,586.8300540123873,598.7327270507812,11705738,0.0,0.0,0.02384776855550097,1.174736271827507,581.8012878417969,604.2835682509149,559.319007432679,592.6591540680174,581.6780555689545,587.168604818486,525.6916710380074,626.2688598632812
2018-07-23 00:00:00+05:30,600.5314517571143,607.57091385605,593.4697614328559,602.2191162109375,7675702,0.0,0.0,0.005822947373078202,1.1815766993156047,583.6555389404297,606.4518631713927,560.8592147094666,592.6591540680174,581.9000906472138,587.2796223576156,529.5938920024793,628.9779663085938
2018-07-24 00:00:00+05:30,610.4133449646731,613.9663911469876,602.2413279023132,611.6347045898438,6172246,0.0,0.0,0.015634821488476724,1.2000504400843477,585.8606536865234,610.4722334346733,561.2490739383735,592.6591540680174,581.9000906472138,587.2796223576156,529.5938920024793,640.036865234375
2018-07-25 00:00:00+05:30,612.4562969314588,619.0294536389847,606.438303654799,614.56591796875,6936922,0.0,0.0,0.0047924248851638485,1.2058015916768599,588.3866485595703,613.8878805640202,562.8854165551204,595.4682976574193,583.9875087298782,589.7279031936487,529.5938920024793,636.99462890625
2018-07-26 00:00:00+05:30,612.2565026885279,617.5194415389223,608.1038365624934,609.902587890625,7362218,0.0,0.0,-0.007588006333865915,1.1966519615618303,590.2442230224609,616.3312077391947,564.1572383057271,595.4682976574193,583.9875087298782,589.7279031936487,529.5938920024793,654.7819213867188
2018-07-27 00:00:00+05:30,609.8803003246617,616.8975875858633,607.7041031070478,609.9913330078125,6493232,0.0,0.0,0.00014550703497495654,1.196826082840654,591.7154052734375,618.7651716287291,564.6656389181458,600.2204682148481,585.142295542754,592.6813818788011,529.5938920024793,648.3421020507812
2018-07-30 00:00:00+05:30,608.4590520512872,609.7914441360712,598.6881767628724,600.0205688476562,6409970,0.0,0.0,-0.016345747260032906,1.1772630661763255,592.0773651123047,619.3697905663264,564.7849396582831,600.2204682148481,587.9846790255264,594.1025736201873,529.5938920024793,645.8994140625
2018-07-31 00:00:00+05:30,598.9326265946946,608.4592108003479,593.1589260542534,606.282958984375,7943996,0.0,0.0,0.010436959100828425,1.1895501126489236,592.3294128417969,620.0501485467903,564.6086771368034,600.2204682148481,590.5606440573006,595.3905561360743,529.5938920024793,650.9180908203125
2018-08-01 00:00:00+05:30,605.7055188121157,607.7706833602228,600.0206237111645,601.375244140625,4675706,0.0,0.0,-0.008094759667946483,1.179920990374052,592.5259429931641,620.4461358724473,564.605750113881,602.929753825686,590.5606440573006,596.7451989414933,529.5938920024793,649.1859130859375
2018-08-02 00:00:00+05:30,603.8402495531839,607.0157957462015,599.6432350074671,601.1976928710938,5940742,0.0,0.0,-0.00029524206601649894,1.1795726280631178,594.0726348876954,620.2425158686837,567.9027539067071,606.094189846619,591.1158095991944,598.6049997229068,530.0268832437705,652.2504272460938
2018-08-03 00:00:00+05:30,606.7715311072096,606.7715311072096,602.2414182313684,605.8388671875,3970390,0.0,0.0,0.0077198804510405505,1.1886787877350848,595.845834350586,620.0655307893322,571.6261379118397,606.094189846619,591.1158095991944,598.6049997229068,533.6481618501347,659.8895263671875
2018-08-06 00:00:00+05:30,606.7048967359218,610.6798456817398,598.466248768105,604.3065795898438,6178930,0.0,0.0,-0.002529199892323919,1.1856723814731376,597.2182037353516,620.034062212028,574.4023452586753,606.094189846619,591.1158095991944,598.6049997229068,537.4232223972803,651.7175903320312
2018-08-07 00:00:00+05:30,610.2357190802344,612.8782756536415,604.3065837444351,607.5487060546875,7351528,0.0,0.0,0.005365035851577549,1.1920335563079663,598.696044921875,620.1102829070041,577.2818069367459,605.3391837965878,591.1158095991944,598.2274966978912,545.0128285653634,644.83349609375
2018-08-08 00:00:00+05:30,609.2586633057315,609.5695331848514,601.0422433684494,605.2392578125,3992358,0.0,0.0,-0.0038012561283927715,1.1875023314468007,599.635385131836,620.4524131800546,578.8183570836173,605.0282568200583,591.1158095991944,598.0720332096264,552.0392932521448,638.7489013671875
2018-08-09 00:00:00+05:30,610.0802435391632,617.0974771816399,610.0802435391632,612.8782348632812,6409524,0.0,0.0,0.012621416988697343,1.2024902935470412,601.5362670898437,619.7047478710773,583.3677863086101,605.1282016179466,591.1158095991944,598.1220056085706,553.856911171128,639.3262329101562
2018-08-10 00:00:00+05:30,615.4764730360149,616.8976698838709,609.8138054398887,615.3209838867188,4779520,0.0,0.0,0.00398570039607038,1.2072830595863024,603.0474212646484,620.5014595801393,585.5933829491574,605.1282016179466,591.3156690397661,598.2219353288564,553.856911171128,626.4908447265625
2018-08-13 00:00:00+05:30,617.3417981747725,626.1577835143034,612.323098561091,625.6692504882812,9979746,0.0,0.0,0.016817672194757494,1.2275867503287088,604.7329010009765,624.0142053064839,585.4515966954692,612.3120161412041,597.1116097108946,604.7118129260493,553.856911171128,637.9938354492188
2018-08-14 00:00:00+05:30,627.9787782907632,632.6866085576108,623.5596981275734,625.469482421875,6151320,0.0,0.0,-0.0003192870134665071,1.2271947978214253,606.5183135986329,626.5308098818965,586.5058173153692,615.5764286628579,601.5751496099948,608.5757891364264,556.016125719952,645.055419921875
2018-08-16 00:00:00+05:30,628.422873308782,637.2833155733248,626.7796109837745,634.9072265625,6626774,0.0,0.0,0.015089056150399571,1.245712009033231,608.8944152832031,630.495415362685,587.2934152037212,617.8747821707149,603.8735031178518,610.8741426442833,556.016125719952,637.6386108398438
2018-08-17 00:00:00+05:30,635.5067447872719,638.504627556245,631.9981007775854,635.262451171875,6390408,0.0,0.0,0.0005594905751793444,1.2464089731616728,611.4181945800781,632.9569068968026,589.8794822633536,618.485438162175,604.4841591093119,611.4847986357435,556.016125719952,643.81201171875
2018-08-20 00:00:00+05:30,616.4533929065265,625.3137784167728,610.0134979518114,614.7879028320312,16101876,0.0,0.0,-0.032230062239747004,1.206237134380493,612.2209533691406,632.9831671475621,591.4587395907191,619.7734354623472,605.2058846160494,612.4896600391983,556.016125719952,648.4752807617188
2018-08-21 00:00:00+05:30,617.341798121919,620.0065828620137,610.1246727841628,614.65478515625,8361482,0.0,0.0,-0.000216526179464549,1.2059759524622573,612.8427368164063,633.1029794713678,592.5824941614447,619.7734354623472,605.2058846160494,612.4896600391983,556.016125719952,663.220458984375
2018-08-23 00:00:00+05:30,618.6741706770762,622.4492822713011,615.2765593992374,620.6283569335938,7717182,0.0,0.0,0.00971858012270288,1.2176963263823146,613.2924194335938,633.8258202523355,592.759018614852,624.1592164980668,609.9580551734782,617.0586358357725,561.9008555293215,647.0985107421875
2018-08-24 00:00:00+05:30,620.2284812223575,622.6267976855853,611.1682047030356,612.1453247070312,7053000,0.0,0.0,-0.013668457349379826,1.2010522960806616,613.1713897705079,633.7018415597424,592.6409379812733,624.1592164980668,609.9580551734782,617.0586358357725,563.233796577207,628.1785278320312
2018-08-27 00:00:00+05:30,614.2328333774761,630.6434430676137,613.5222350134233,628.6226806640625,7012950,0.0,0.0,0.026917392475254376,1.23338149211757,614.1073944091797,635.6496194147983,592.5651694035612,624.2590627540283,609.9580551734782,617.1085589637532,563.233796577207,643.63427734375
2018-08-28 00:00:00+05:30,629.4220711648251,638.8376755034434,626.8905476002262,632.7530517578125,6496890,0.0,0.0,0.006570509179507855,1.2414854365333636,615.2454803466796,638.1735765792156,592.3173841141437,624.4255867276274,612.8338647579153,618.6297257427714,563.6303758548015,634.6184692382812
2018-08-29 00:00:00+05:30,636.7059341570182,636.7059341570182,624.0704339853565,626.2688598632812,5646496,0.0,0.0,-0.010247586916440676,1.2287632066169927,616.557894897461,638.8387022438964,594.2770875510256,624.4255867276274,615.9983007788484,620.2119437532378,563.6303758548015,637.5497436523438
2018-08-30 00:00:00+05:30,627.4679650830958,631.3541092682061,620.0731770192494,628.9779663085938,11507962,0.0,0.0,0.004325788202057312,1.2340785759992985,617.6926452636719,640.0772543011824,595.3080362261614,624.4255867276274,615.9983007788484,620.2119437532378,564.3354764253838,622.1828002929688
2018-08-31 00:00:00+05:30,632.9307726542357,645.8994241421001,631.154249509201,640.036865234375,10875864,0.0,0.0,0.017582331207378843,1.2557765542584487,619.6257263183594,642.7140644747753,596.5373881619435,627.9564610469557,619.5291750981767,623.7428180725663,565.2056958568453,598.1109008789062
2018-09-03 00:00:00+05:30,643.5455585045538,651.9396418498247,635.1070729202982,636.99462890625,10976328,0.0,0.0,-0.004753220468028729,1.2498075714374768,621.4155731201172,644.0529566228815,598.7781896173528,631.0321573169938,622.5492839520391,626.7907206345164,567.2931446743999,602.9520263671875
2018-09-04 00:00:00+05:30,641.3247393120378,664.8636667244602,635.9951708413007,654.7819213867188,15370124,0.0,2.0,0.027923771525374397,1.28470691251298,623.8627258300781,649.6362953550765,598.0891563050798,638.0159357137479,629.0112963893569,633.5136160515524,567.2931446743999,620.71728515625
2018-09-05 00:00:00+05:30,659.0456424728428,660.9109699698997,644.3449252297905,648.3421020507812,8658978,0.0,0.0,-0.009835059774251254,1.2720717432360211,626.064501953125,652.3039265368674,599.8250773693827,638.0159357137479,629.0112963893569,633.5136160515524,567.2931446743999,617.5637817382812
2018-09-06 00:00:00+05:30,650.6959939501305,653.3163763912012,643.190172936454,645.8994140625,5598659,0.0,0.0,-0.0037675911845841403,1.2672790969500465,627.9820373535156,654.1328919204974,601.8311827865338,639.1929508689418,629.0112963893569,634.1021236291493,567.2931446743999,626.5352783203125
2018-09-07 00:00:00+05:30,652.2948854597784,653.0055381132188,642.923736405779,650.9180908203125,6510605,0.0,0.0,0.0077700593134875096,1.2771259307000913,630.2659790039063,656.0450063146735,604.4869516931391,642.4684218718548,631.6649577462827,637.0666898090687,567.2931446743999,607.1712036132812
2018-09-10 00:00:00+05:30,655.3149392872002,663.5313583836511,647.8979772483683,649.1859130859375,5629871,0.0,0.0,-0.0026611301157600797,1.273727332424287,632.0813629150391,657.8200364154828,606.3426894145954,642.4684218718548,631.6649577462827,637.0666898090687,568.1524268951904,603.9735107421875
2018-09-11 00:00:00+05:30,653.671678215816,661.5327710293878,650.2074365807478,652.2504272460938,6963561,0.0,0.0,0.004720549380976102,1.279740025194895,633.9278350830078,659.8921174769462,607.9635526890695,642.4684218718548,631.6649577462827,637.0666898090687,569.8268400956713,584.1206665039062
2018-09-12 00:00:00+05:30,661.2219186905442,663.0872462571706,653.9825653808999,659.8895263671875,4636617,0.0,0.0,0.011711911256765628,1.2947282268017086,635.6388488769531,663.6530046601694,607.6246930937369,648.0089581168306,631.6649577462827,639.8369579315566,573.4621807986846,577.1923828125
2018-09-14 00:00:00+05:30,659.0013467820062,661.7549362400165,647.5871519298266,651.7175903320312,7896514,0.0,0.0,-0.012383794118000724,1.2786945790022322,636.9512542724609,665.3975099281636,608.5049986167583,649.9853698223792,632.9529550464548,641.4691624344171,575.1366406635401,582.5350341796875
2018-09-17 00:00:00+05:30,652.8722524406286,657.3135602803608,643.6343104479122,644.83349609375,5427054,0.0,0.0,-0.01056300204322247,1.265187725551574,637.4475677490234,666.081648615925,608.8134868821218,650.4294187828805,632.9529550464548,641.6911869146677,575.1366406635401,568.9313354492188
2018-09-18 00:00:00+05:30,648.4309745916858,648.4309745916858,636.8835736742996,638.7489013671875,7729732,0.0,0.0,-0.009435916036343528,1.253249520403057,637.6218902587891,666.2429437622872,609.0008367552911,650.2074660289753,637.3387360821745,643.7731010555749,575.1366406635401,578.9432373046875
2018-09-19 00:00:00+05:30,645.7661289693416,645.7661289693416,633.5081307617905,639.3262329101562,4849498,0.0,0.0,0.0009038474144269504,1.254382266741705,638.8488067626953,665.4616803091027,612.2359332162879,648.5197445727208,637.3387360821745,642.9292403274476,575.1366406635401,592.277587890625
2018-09-21 00:00:00+05:30,634.0854699463648,637.2388417422615,614.6769772496275,626.4908447265625,14350769,0.0,0.0,-0.02007642972065793,1.2291987493206256,639.4406097412109,664.3274587294998,614.553760752922,639.1041678166393,637.4385823381358,638.2713750773876,576.1611553711011,616.3424072265625
2018-09-24 00:00:00+05:30,627.5567626103349,648.3865060552286,627.5567626103349,637.9938354492188,8637881,0.0,0.0,0.01836098774544226,1.2517680524936146,640.3088836669922,663.657862822153,616.9599045118314,639.1041678166393,637.4385823381358,638.2713750773876,580.1108724252488,598.6529541015625
2018-09-25 00:00:00+05:30,637.9937311634224,653.7603705343249,636.8834044471616,645.055419921875,9602273,0.0,0.0,0.011068421166928744,1.26562314850192,641.9543884277343,661.4070719030793,622.5017049523893,638.882111753399,637.4385823381358,638.1603470457674,583.3752849469025,594.6571655273438
2018-09-26 00:00:00+05:30,649.4969365280031,650.0742740777944,632.4423018157757,637.6386108398438,6599606,0.0,0.0,-0.011497940879141133,1.2510710883651726,642.4051849365235,660.9905303094171,623.8198395636299,638.882111753399,637.4385823381358,638.1603470457674,586.7752600393114,598.0243530273438
2018-09-27 00:00:00+05:30,641.324890024297,649.1415814419436,637.2833104939126,643.81201171875,14592616,0.0,0.0,0.009681661012928888,1.2631835345458002,642.9581329345704,661.0064602594401,624.9098056097006,638.215956744822,637.4385823381358,637.8272695414789,588.0579287543328,598.428466796875
2018-09-28 00:00:00+05:30,640.4365252339263,652.4724574101969,635.2846195078125,648.4752807617188,7490031,0.0,0.0,0.007243215345609233,1.2723330449075432,644.0684539794922,660.5182292879815,627.618678671003,635.9952687649941,637.4941697543115,636.7447192596528,592.0126821771685,606.5546264648438
2018-10-01 00:00:00+05:30,655.0928447163984,670.548616230355,651.095668036773,663.220458984375,8252398,0.0,0.0,0.022738227130779887,1.3012636426686477,645.7805786132812,662.7175518160255,628.843605410537,642.6127967399913,640.8584104666953,641.7356036033433,593.3031866976851,592.1878051757812
2018-10-03 00:00:00+05:30,660.6889010170038,667.9282540174875,645.1443245750157,647.0985107421875,7792464,0.0,0.0,-0.02430858099111699,1.269631770020041,646.1336608886719,662.8679922425277,629.399329534816,642.6127967399913,640.8584104666953,641.7356036033433,593.3031866976851,596.4081420898438
2018-10-04 00:00:00+05:30,647.0984864627875,648.2088133098409,624.0036880440744,628.1785278320312,6173037,0.0,0.0,-0.029238180270969916,1.2325100474504445,645.6928558349609,663.7911449445556,627.5945667253662,642.6127967399913,642.0354256218891,642.3241111809402,593.3031866976851,597.7550048828125
2018-10-05 00:00:00+05:30,633.3304653716027,649.7633035334185,630.0438868962034,643.63427734375,8543578,0.0,0.0,0.024604071656284754,1.2628348129750062,645.1354736328125,662.7549371564621,627.5160101091628,647.2761521372147,642.6127967399913,644.944474438603,593.3031866976851,586.5308837890625
2018-10-08 00:00:00+05:30,644.0340198931556,647.2761962060638,629.9994983789313,634.6184692382812,7259306,0.0,0.0,-0.014007656867929041,1.245145456233977,644.4492919921875,662.5828558368219,626.315728147553,647.2761521372147,642.6127967399913,644.944474438603,593.4697106712842,589.4041748046875
2018-10-09 00:00:00+05:30,636.9723519441538,641.6801816504804,624.1370155938678,637.5497436523438,6777212,0.0,0.0,0.0046189554136060185,1.2508967275797758,644.0318084716797,662.3981129796279,625.6655039637316,647.2761521372147,642.6127967399913,644.944474438603,593.6695845838483,584.420654296875
2018-10-10 00:00:00+05:30,639.4594979156484,639.4594979156484,617.6970904040153,622.1828002929688,8866251,0.0,0.0,-0.02410312844193474,1.2207462030873246,642.5950439453125,662.9888325799849,622.20125531064,644.1228533171852,642.6127967399913,643.3678250285882,593.8916196621076,585.1839599609375
2018-10-11 00:00:00+05:30,608.4591697586857,615.4764577821219,589.1838830269432,598.1109008789062,10985897,0.0,0.0,-0.03868943243485312,1.1735162253428741,640.041293334961,667.9850199772516,612.0975666926704,629.8662496286491,629.8662496286491,629.8662496286491,597.4224939814359,575.9352416992188
2018-10-12 00:00:00+05:30,600.8202308330958,607.6154002554516,587.5851099212792,602.9520263671875,8909221,0.0,0.0,0.008094026511082486,1.1830146967819848,637.5763732910157,669.2667209262638,605.8860256557675,629.0668630758171,629.0668630758171,629.0668630758171,600.4426028352982,555.9112548828125
2018-10-15 00:00:00+05:30,611.6570046807088,626.2245187170844,605.3503680931816,620.71728515625,6222176,0.0,0.0,0.02946380145050509,1.2178708069209987,635.6177612304688,666.3678529197024,604.8676695412352,627.7566819693834,629.0668630758171,628.4117725226002,606.904615272616,557.392822265625
2018-10-16 00:00:00+05:30,630.6656383087806,634.1298796982377,612.3674738692728,617.5637817382812,11588963,0.0,0.0,-0.00508041824093064,1.2116835138584203,633.9100708007812,664.6878237752726,603.1323178262899,618.6742067273489,629.0668630758171,623.8705349015829,608.0594020854917,558.021484375
2018-10-17 00:00:00+05:30,630.6657163174793,641.1471920273246,622.9822320311999,626.5352783203125,20360697,0.0,0.0,0.014527238881753668,1.2292859297133243,632.9951599121093,663.5034583600591,602.4868614641596,618.6742067273489,629.0668630758171,623.8705349015829,610.9017855682641,573.6903686523438
2018-10-19 00:00:00+05:30,610.2357169650951,610.857510925855,602.2413625943733,607.1712036132812,10421001,0.0,0.0,-0.030906599160616555,1.1912928822298887,631.4162750244141,663.8017264400798,599.0308236087483,617.4306530636716,629.0668630758171,623.2487580697443,613.4777506000382,598.3836059570312
2018-10-22 00:00:00+05:30,611.7458000636341,617.3862397708373,598.5106799901814,603.9735107421875,6672840,0.0,0.0,-0.005266542372339589,1.1850188877877585,629.6486389160157,663.9386080316493,595.358669800382,614.6326457858798,629.0668630758171,621.8497544308484,613.4777506000382,593.5796508789062
2018-10-23 00:00:00+05:30,600.4202954872161,605.7942660364403,580.3011533821949,584.1206665039062,9041701,0.0,0.0,-0.03287038899087691,1.1460668559846385,627.5301300048828,667.213055212338,587.8472047974277,610.7241727047598,625.424884806275,618.0745287555173,614.0329161419322,599.326416015625
2018-10-24 00:00:00+05:30,588.9174468969239,592.0263625291099,574.8385220772424,577.1923828125,7058164,0.0,0.0,-0.011861048733087243,1.1324733011544286,624.4900573730469,669.5183792812452,579.4617354648485,607.9928570522835,622.6935691537988,615.3432131030411,614.0329161419322,601.930419921875
2018-10-25 00:00:00+05:30,577.3719105626807,589.3593147773274,571.3108524035857,582.5350341796875,8270469,7.0,0.0,0.009256274902926132,1.1429557853501382,621.3640380859375,668.8868726470855,573.8412035247895,606.2290222154552,620.9297343169703,613.5793782662128,614.0329161419322,615.3096313476562
2018-10-26 00:00:00+05:30,579.4371811345231,582.4901806689118,565.6090213039805,568.9313354492188,5464141,0.0,0.0,-0.02335258470698709,1.1162648135564082,617.9286743164063,670.0151485846609,565.8422000481517,603.3781066656526,618.0788187671678,610.7284627164101,614.0329161419322,611.8526000976562
2018-10-29 00:00:00+05:30,569.0210725818669,584.1512461595754,567.0456058284764,578.9432373046875,7137446,0.0,0.0,0.017597733208988275,1.1359085439359549,614.6852355957031,667.9985065711987,561.3719646202076,603.3781066656526,618.0788187671678,610.7284627164101,614.0329161419322,600.2692260742188
2018-10-30 00:00:00+05:30,575.6657992588212,596.0489238384196,572.3883711418365,592.277587890625,8793411,0.0,0.0,0.023032224450909133,1.162071044475593,611.8753509521484,663.6541486759634,560.0965532283335,603.3781066656526,618.0788187671678,610.7284627164101,614.0329161419322,613.1098022460938
2018-10-31 00:00:00+05:30,596.1388762397511,622.2238686193839,595.3755988524537,616.3424072265625,11947995,0.0,0.0,0.04063098085754602,1.2092871308387894,609.5314483642578,655.6814888126314,563.3814079158842,593.9164449616821,618.0788187671678,605.997631864425,614.232775582504,600.8978271484375
2018-11-01 00:00:00+05:30,619.3054480152123,619.3054480152123,592.2775861405265,598.6529541015625,5860244,0.0,0.0,-0.028700691235249542,1.1745797542818244,607.1091705322266,650.0589110531863,564.1594300112669,593.9164449616821,618.0788187671678,605.997631864425,616.464551315973,605.6567993164062
2018-11-02 00:00:00+05:30,597.979534378155,606.824167919034,592.7265842908304,594.6571655273438,6654067,0.0,0.0,-0.006674632684667059,1.1667398658631467,605.4331024169921,647.5628405966676,563.3033642373167,593.9164449616821,618.0788187671678,605.997631864425,617.6636786934196,609.2485961914062
2018-11-05 00:00:00+05:30,595.7795168673312,600.3589607115287,589.9429428512985,598.0243530273438,5799426,0.0,0.0,0.00566240128799933,1.1733464151823703,603.1526062011719,641.492160558558,564.8130518437858,593.9164449616821,618.0788187671678,605.997631864425,617.6636786934196,626.533935546875
2018-11-06 00:00:00+05:30,599.7304828010714,606.1057959173804,593.2204575856625,598.428466796875,6975525,0.0,0.0,0.000675748015085853,1.1741393016934378,601.3431060791015,636.8537431034088,565.8324690547943,593.9164449616821,618.0788187671678,605.997631864425,617.6636786934196,633.9866943359375
2018-11-07 00:00:00+05:30,604.3097906896223,608.350495085021,603.4118563795337,606.5546264648438,758956,0.0,0.0,0.01357916629779421,1.190083134527909,599.7933502197266,631.2851000250141,568.301600414439,593.9164449616821,618.0788187671678,605.997631864425,618.385404200157,623.5258178710938
2018-11-09 00:00:00+05:30,609.6975279975064,609.6975279975064,588.5960671610684,592.1878051757812,9694143,0.0,0.0,-0.023685947913374306,1.1618948873908959,598.2936004638672,628.1762923786341,568.4109085491002,594.6347372239302,616.7686376607339,605.7016874423321,621.2278789531044,607.54248046875
2018-11-12 00:00:00+05:30,598.0244133269094,607.3629546164068,594.7020445139781,596.4081420898438,7118080,0.0,0.0,0.007126686630788859,1.1701753481512465,598.208462524414,628.1025754902404,568.3143495585877,597.3061198806101,607.6861624186995,602.4961411496548,625.9800495105333,596.9917602539062
2018-11-13 00:00:00+05:30,595.7795380307144,599.5957596382963,589.3143986991084,597.7550048828125,4137808,0.0,0.0,0.0022582904187882225,1.1728179439282787,597.9486114501954,627.7626512985959,568.1345716017948,605.4099678902262,607.6861624186995,606.5480651544628,625.9800495105333,598.9672241210938
2018-11-14 00:00:00+05:30,597.7550661380358,597.7550661380358,575.1271035613901,586.5308837890625,7323026,0.0,0.0,-0.01877712608353721,1.1507957935221025,596.239291381836,624.4988509740809,567.979731789591,597.2162757883011,606.4426087550221,601.8294422716616,625.9800495105333,580.245361328125
2018-11-15 00:00:00+05:30,587.2491102759433,598.0243233085293,580.6941999755669,589.4041748046875,5513390,0.0,0.0,0.004898788955601363,1.156433299245561,594.8313110351562,621.4412699370849,568.2213521332275,592.4123157794482,603.6446014772305,598.0284586283394,628.6893351213712,582.7595825195312
2018-11-16 00:00:00+05:30,592.5470054621953,594.8816132675065,578.449422684779,584.420654296875,8583785,0.0,0.0,-0.008455183591911108,1.1466554433886404,592.7255798339844,615.2831493978413,570.1680102701275,592.4123157794482,603.3781066656526,597.8952112225504,631.8537711423041,578.3147583007812
2018-11-19 00:00:00+05:30,591.7388712457924,594.4326749085199,582.9840093419283,585.1839599609375,6018930,0.0,0.0,0.0013060894724552519,1.148153077991784,591.6262176513671,613.3808554696618,569.8715798330725,592.4123157794482,603.3781066656526,597.8952112225504,631.8537711423041,589.7633666992188
2018-11-20 00:00:00+05:30,585.1839565935807,589.04506419349,574.7678829409602,575.9352416992188,5384830,0.0,0.0,-0.01580480480417834,1.1300067427088072,590.2243041992188,612.230490616034,568.2181177824035,592.2327054692333,603.3781066656526,597.805406067443,629.8662496286491,589.898193359375
2018-11-21 00:00:00+05:30,574.6781087953922,574.7229945615268,549.6257130678629,555.9112548828125,14359086,0.0,0.0,-0.034767774858382006,1.0907189226898537,588.813833618164,615.3986017079529,562.2290655283751,579.6616205326847,595.3864525475938,587.5240365401392,629.0668630758171,591.6939086914062
2018-11-22 00:00:00+05:30,558.7397239706567,564.0375592660097,553.8010843855404,557.392822265625,6632975,0.0,0.0,0.0026651149258074547,1.093625813970575,587.8238555908204,617.4058946796154,558.2418165020254,578.4943338421349,595.3864525475938,586.9403931948643,629.0668630758171,597.17138671875
2018-11-26 00:00:00+05:30,557.6174028321216,563.9029452150922,538.6260635670563,558.021484375,15075209,0.0,0.0,0.0011278618673624674,1.0948592728233157,586.598178100586,618.892875146046,554.303481055126,569.1109116026763,589.8866277971905,579.4987696999334,629.0668630758171,600.7631225585938
2018-11-27 00:00:00+05:30,561.6580245416918,575.576009162629,561.4784266822428,573.6903686523438,12285851,0.0,0.0,0.028079356648594622,1.1256022168249427,586.8361297607422,618.6684836777084,555.003775843776,568.3251934377929,580.4249660932201,574.3750797655065,629.0668630758171,600.8529663085938
2018-11-28 00:00:00+05:30,575.5311607016699,600.4488444606221,574.6781119181762,598.3836059570312,17719890,0.0,0.0,0.043042795650717336,1.174051283027733,587.8081481933593,619.8056941739272,555.8106022127914,569.5374540138392,580.4249660932201,574.9812100535296,629.0668630758171,593.5796508789062
2018-11-29 00:00:00+05:30,602.5141110273878,606.0160778572298,591.5592980475924,593.5796508789062,13399070,0.0,0.0,-0.008028219741150422,1.1646257413402068,587.8732513427734,619.9126314104552,555.8338712750916,572.3210707121431,580.4249660932201,576.3730184026815,629.0668630758171,603.1426391601562
2018-11-30 00:00:00+05:30,593.534727306961,603.412007186502,593.4898415413508,599.326416015625,10445773,0.0,0.0,0.009681540005978206,1.175901112046984,587.0224517822265,616.7922992524111,557.252604312042,572.3210707121431,580.4249660932201,576.3730184026815,625.424884806275,601.6611328125
2018-12-03 00:00:00+05:30,604.4446805742183,609.6975759113117,597.9795406785499,601.930419921875,8260890,0.0,0.0,0.004344884251159309,1.1810102662696376,587.1863250732422,617.2482852335856,557.1243649128987,574.161819739184,580.4249660932201,577.293392916202,622.6935691537988,607.093505859375
2018-12-04 00:00:00+05:30,603.9058519544142,618.0034349143006,602.7834338016457,615.3096313476562,7827923,0.0,0.0,0.022227172747836477,1.207260785474981,588.2189483642578,620.5924002808929,555.8454964476227,578.3147492406785,580.4249660932201,579.3698576669492,620.9297343169703,610.3261108398438
2018-12-05 00:00:00+05:30,613.2892733986154,613.8729527552651,603.8609609964404,611.8526000976562,5177288,0.0,0.0,-0.005618360373180531,1.2004779593177737,588.9103607177734,622.6683283450301,555.1523930905167,578.3147492406785,580.4249660932201,579.3698576669492,618.0788187671678,613.7383422851562
2018-12-06 00:00:00+05:30,607.0935064977843,615.489227135495,596.7223737623289,600.2692260742188,8039771,0.0,0.0,-0.01893164141426984,1.1777509410662352,589.0023986816407,622.8747496413674,555.1300477219139,578.3147492406785,580.4249660932201,579.3698576669492,618.0788187671678,630.26025390625
2018-12-07 00:00:00+05:30,603.412118446464,615.7587205724147,597.6653144437876,613.1098022460938,5553948,0.0,0.0,0.021391361765874306,1.202944637516682,589.3301574707032,624.0017151005409,554.6585998408655,589.7409307982716,580.4249660932201,585.0829484457458,618.0788187671678,652.439208984375
2018-12-10 00:00:00+05:30,601.5263923105856,614.0076499906042,597.3060888568217,600.8978271484375,5121196,0.0,0.0,-0.019918088167761083,1.1789842801656891,589.765658569336,624.7907070462801,554.7406100923919,596.3407734162383,578.9657557911344,587.6532646036864,618.0788187671678,661.5982055664062
2018-12-11 00:00:00+05:30,600.8977575920097,612.3015363089702,593.1754882755745,605.6567993164062,7120933,0.0,0.0,0.007919769306792945,1.1883215636809368,590.2280914306641,625.837454418668,554.6187284426602,604.7813664809464,578.3147492406785,591.5480578608124,618.0788187671678,658.500244140625
2018-12-12 00:00:00+05:30,607.9914658908884,611.1791774088636,602.1548912774115,609.2485961914062,6926183,0.0,0.0,0.005930416168123509,1.1953688050951201,590.8027709960937,627.249778319411,554.3557636727764,605.5894615949376,578.3147492406785,591.9521054178081,618.0788187671678,656.34521484375
2018-12-13 00:00:00+05:30,612.3914640529828,628.554288617431,610.595594656933,626.533935546875,7521474,0.0,0.0,0.028371570264625223,1.2292832951410173,592.8029235839844,632.3839230315789,553.2219241363898,610.8648884465027,583.5901760922436,597.2275322693731,618.0788187671678,668.9612426757812
2018-12-14 00:00:00+05:30,626.2644789299981,640.8559157419478,623.5257894433321,633.9866943359375,9560576,0.0,0.0,0.011895219662055867,1.2439058899636155,595.0320495605469,638.4735101015528,551.5905890195409,617.0157020087611,589.7409896545021,603.3783458316316,618.0788187671678,669.2755737304688
2018-12-17 00:00:00+05:30,639.1947330406101,639.1947330406101,622.0442038357922,623.5258178710938,4778465,0.0,0.0,-0.01650015143582928,1.223381254407296,596.9873077392579,641.8547865584729,552.1198289200428,617.0157020087611,589.7409896545021,603.3783458316316,618.0788187671678,656.973876953125
2018-12-18 00:00:00+05:30,616.4320542290977,616.4320542290977,605.701725645204,607.54248046875,8021298,0.0,0.0,-0.02563380207240773,1.1920213414727254,598.1052337646485,642.8533546530208,553.3571128762761,617.0157020087611,589.7409896545021,603.3783458316316,618.0788187671678,660.9013671875
2018-12-19 00:00:00+05:30,603.0079326658449,603.0079326658449,593.6245057105348,596.9917602539062,8295459,0.0,0.0,-0.017366226320015277,1.1713204290784218,599.1580596923828,642.7331080542301,555.5830113305356,617.0157020087611,589.7409896545021,603.3783458316316,618.0788187671678,659.4114990234375
2018-12-20 00:00:00+05:30,592.636796573357,603.0079295522758,589.4042541506413,598.9672241210938,11705260,0.0,0.0,0.003309030373128241,1.175196363954908,601.3108581542969,640.0651988998596,562.5565174087341,615.1300849462946,589.7409896545021,602.4355373003983,618.0788187671678,657.2446899414062
2018-12-21 00:00:00+05:30,592.1878807908427,592.1878807908427,577.7760411277084,580.245361328125,12802132,0.0,0.0,-0.03125690695420047,1.1384633605538546,602.4534851074219,637.0419249779325,567.8650452369113,609.3159784348281,589.7409896545021,599.5284840446651,618.0788187671678,657.1995849609375
2018-12-24 00:00:00+05:30,589.9430596538244,591.5593310479242,581.5024520987976,582.7595825195312,8379825,0.0,0.0,0.004333031091625417,1.1433963576918107,603.6903900146484,633.1764814271917,574.2042986021052,609.3159784348281,589.7409896545021,599.5284840446651,618.0788187671678,655.393798828125
2018-12-26 00:00:00+05:30,580.963676286697,580.963676286697,572.2985856223228,578.3147583007812,6178552,0.0,0.0,-0.00762720056791355,1.1346754443430733,603.9216094970703,632.5124646640472,575.3307543300934,606.5772506821353,589.7409896545021,598.1591201683186,618.0788187671678,676.746826171875
2018-12-27 00:00:00+05:30,586.1267429472937,595.555055166285,582.7594885833681,589.7633666992188,15333902,0.0,0.0,0.0197965004940841,1.157138047337636,603.4905975341796,632.6627553742047,574.3184396941546,606.5772506821353,589.7409896545021,598.1591201683186,618.0788187671678,683.5181884765625
2018-12-28 00:00:00+05:30,595.6449423731998,595.779654496148,586.6207098864095,589.898193359375,4736598,0.0,0.0,0.00022861145294728047,1.1574025823478984,603.3065246582031,632.7746861762516,573.8383631401546,605.7466593314664,589.7409896545021,597.7438244929842,618.0788187671678,682.47998046875
2018-12-31 00:00:00+05:30,592.6367288898902,594.432597765314,588.8653932903861,591.6939086914062,3373319,0.0,0.0,0.0030441105808527436,1.16092584379513,602.9248992919922,632.7886985120429,573.0611000719416,594.3653199257103,589.7409896545021,592.0531547901062,610.0871646491089,681.5319213867188
2019-01-01 00:00:00+05:30,593.4898768306098,598.2938049536193,587.3839325940364,597.17138671875,2943390,0.0,0.0,0.009257283110211123,1.1716728630011022,602.6869476318359,632.6554416981392,572.7184535655326,587.6532591440839,589.7409896545021,588.697124399293,610.0871646491089,689.1611328125
2019-01-02 00:00:00+05:30,598.0244330380784,605.2079097112085,594.477580469605,600.7631225585938,7416655,0.0,0.0,0.006014581273860342,1.178719984661999,601.9596221923828,631.3620796469173,572.5571647378482,588.7532476667657,601.1671712120954,594.9602094394305,604.5873398987057,689.7930908203125
2019-01-03 00:00:00+05:30,603.4120580253086,607.9017310760922,595.4204180726822,600.8529663085938,6827249,0.0,0.0,0.00014954937582944972,1.1788962614999827,601.4096405029297,630.456851556571,572.3624294492885,590.1001583492075,606.5772506821353,598.3387045156715,604.5873398987057,686.994384765625
2019-01-04 00:00:00+05:30,603.1875619711591,605.1181432655347,584.5554191934865,593.5796508789062,7889310,0.0,0.0,-0.012104983810551695,1.1646257413402055,601.075161743164,630.3227444071332,571.8275790791948,590.1001583492075,606.5772506821353,598.3387045156715,604.5873398987057,688.7096557617188
2019-01-07 00:00:00+05:30,597.1264668041722,604.848681896252,593.9836959262556,603.1426391601562,8046340,0.0,0.0,0.016110707749314113,1.1833886862962657,600.5768035888672,629.3169741273465,571.8366330503878,590.1001583492075,606.5772506821353,598.3387045156715,604.5873398987057,677.5593872070312
2019-01-08 00:00:00+05:30,606.0610347503905,608.3058714930725,600.3142307668909,601.6611328125,8621545,0.0,0.0,-0.0024563117436352533,1.180481914768831,600.6149688720703,629.3588100188035,571.8711277253371,595.5326800382203,606.5772506821353,601.0549653601778,604.5873398987057,668.1693725585938
2019-01-09 00:00:00+05:30,616.1626773769362,619.3952197203683,596.2285201109087,607.093505859375,18130292,0.0,0.0,0.009028957914367863,1.1911404362959512,600.6868041992187,629.4884370162038,571.8851713822337,601.9753194569274,606.5772506821353,604.2762850695314,604.5873398987057,669.8849487304688
2019-01-10 00:00:00+05:30,612.0321535630455,612.3913492971798,603.905857029821,610.3261108398438,9572493,0.0,0.0,0.005324723373367091,1.197482929618059,600.7406799316407,629.6108660303023,571.870493832979,601.9753194569274,606.5772506821353,604.2762850695314,604.5873398987057,669.0723876953125
2019-01-11 00:00:00+05:30,610.775168857771,615.5342116115211,603.8610609901501,613.7383422851562,12281903,0.0,0.0,0.005590833137741891,1.2041778568628478,600.1009002685547,627.1466972868307,573.0551032502788,601.9753194569274,606.5772506821353,604.2762850695314,604.5873398987057,653.94921875
2019-01-14 00:00:00+05:30,634.8396979807703,637.713099371218,624.9175326155943,630.26025390625,19312937,0.0,0.0,0.026920122929874335,1.2365944727990283,599.9145782470703,626.0503798668319,573.7787766273086,611.1342592823523,606.5772506821353,608.8557549822438,604.5873398987057,668.7562866210938
2019-01-15 00:00:00+05:30,635.0193119481104,655.4922083151961,635.0193119481104,652.439208984375,19671304,0.0,0.0,0.03519015349716792,1.2801104221105757,601.3602478027344,634.82243235863,567.8980632468389,620.0238137543413,613.8953969687594,616.9596053615503,604.5873398987057,662.21044921875
2019-01-16 00:00:00+05:30,655.4024896793411,662.4961401708139,654.1453593109389,661.5982055664062,9658944,0.0,0.0,0.014038084247402383,1.2980807200621418,604.0630340576172,646.6789591963519,561.4471089188825,623.5257796821502,617.3973628965683,620.4615712893592,604.5873398987057,663.5648193359375
2019-01-17 00:00:00+05:30,660.7001946283693,663.5735959916126,654.6840225127977,658.500244140625,6903771,0.0,0.0,-0.004682542062110051,1.2920024024904366,607.1384582519531,655.7895649395315,558.4873515643748,628.778645958934,617.9360908069677,623.3573683829509,604.5873398987057,681.5770874023438
2019-01-18 00:00:00+05:30,655.4921661321898,661.0593708330568,652.169797616707,656.34521484375,5902151,0.0,0.0,-0.003272632494901173,1.2877741534445561,610.007357788086,663.0140535010943,557.0006620750777,629.9010580512606,617.9360908069677,623.9185744291142,604.5873398987057,670.3815307617188
2019-01-21 00:00:00+05:30,662.8552986701912,674.3488499993446,659.0839625825818,668.9612426757812,8129422,0.0,0.0,0.01922163450987391,1.3125272775533297,614.4431518554687,671.4849802543305,557.401323456607,635.2886850551266,623.3237178108336,629.3062014329801,604.5873398987057,663.8356323242188
2019-01-22 00:00:00+05:30,665.5940635641847,672.5530571461373,659.0840373100999,669.2755737304688,6723375,0.0,0.0,0.0004698793213044894,1.3131440069797,618.7689514160156,678.6274073886804,558.9104954433509,639.1049554947474,623.3237178108336,631.2143366527905,604.5873398987057,662.9779052734375
2019-01-23 00:00:00+05:30,666.5817334009198,666.8062170526081,654.7739262054641,656.973876953125,7212099,0.0,0.0,-0.01838061519080314,1.2890076122972969,622.7019073486329,681.7333598596964,563.6704548375693,639.1049554947474,623.3237178108336,631.2143366527905,604.5873398987057,669.8397827148438
2019-01-24 00:00:00+05:30,657.380149335972,664.603115097584,650.9697892652835,660.9013671875,7429783,4.0,0.0,0.0059781528187843325,1.2967134967881864,626.2588073730469,685.4974931951942,567.0201215508996,649.6331913074694,623.3237178108336,636.4784545591515,603.2771587922718,661.3527221679688
2019-01-25 00:00:00+05:30,657.2897752258181,666.2282159151714,653.9040105869487,659.4114990234375,5543112,0.0,0.0,-0.0022542972946215656,1.2937903190604776,629.73447265625,688.1749125762786,571.2940327362213,654.6840809737275,623.3237178108336,639.0038993922806,594.1946835502374,661.3527221679688
2019-01-28 00:00:00+05:30,659.998434357506,661.4430053311434,649.163986734674,657.2446899414062,7944693,0.0,0.0,-0.003285974062084418,1.289538957630269,633.01201171875,689.8651536469126,576.1588697905875,661.7564183670092,623.3237178108336,642.5400680889214,594.1946835502374,652.7304077148438
2019-01-29 00:00:00+05:30,655.0326733028596,661.6687507070875,646.9068372453465,657.1995849609375,6760819,0.0,0.0,-6.862737905544147e-05,1.289450459951417,636.0134216308594,691.2802066179164,580.7466366438024,660.6278436223456,623.3237178108336,641.9757807165896,592.95112988656,643.159912109375
2019-01-30 00:00:00+05:30,657.1995400508426,663.4293142051093,651.0599758081235,655.393798828125,5763026,0.0,0.0,-0.0027476982246114057,1.285907439211884,638.7449554443359,692.1205166756123,585.3693942130595,660.6278436223456,623.3237178108336,641.9757807165896,590.1531226087684,642.1666870117188
2019-01-31 00:00:00+05:30,655.4842289404279,678.3268501397066,655.4842289404279,676.746826171875,13825233,0.0,0.0,0.03258045373930951,1.3278028870481609,642.5396484375,695.382881953534,589.6964149214659,662.6168436925266,630.5431693615374,646.580006527032,589.8866277971905,638.2844848632812
2019-02-01 00:00:00+05:30,678.3718149465892,688.4388443526495,672.1871732728493,683.5181884765625,6276585,0.0,0.0,0.01000575406166404,1.3410885561783323,647.0365753173828,697.6872671218736,596.3858835128921,667.6728407989981,636.4971317730681,652.0849862860331,589.8866277971905,639.6387329101562
2019-02-04 00:00:00+05:30,683.4731161906183,688.4389050136676,676.4307357902098,682.47998046875,3945391,0.0,0.0,-0.0015189178946743986,1.33905155277201,651.0034423828125,699.6481021231895,602.3587826424356,667.672871129507,636.497162103577,652.085016616542,589.8866277971905,639.5484619140625
2019-02-05 00:00:00+05:30,674.4444084808994,686.1365949906606,674.4444084808994,681.5319213867188,4694366,0.0,0.0,-0.0013891383031925386,1.337191424970105,654.9969818115235,699.6958180077918,610.2981456152552,667.672871129507,636.497162103577,652.085016616542,589.8866277971905,648.7576904296875
2019-02-06 00:00:00+05:30,682.1638855116844,692.456632616269,681.0804297469625,689.1611328125,5880482,0.0,0.0,0.011194209964894952,1.3521602265444774,659.1003631591797,700.3546741988796,617.8460521194797,669.6817349308078,638.5060259048778,654.0938804178428,589.8866277971905,641.21875
2019-02-07 00:00:00+05:30,688.9353527881069,694.7137462722714,687.0844792071438,689.7930908203125,3961797,0.0,0.0,0.0009169960082244799,1.3534001520746985,663.0737121582031,699.7827572590476,626.3646670573586,670.810291758809,639.6345827328789,655.2224372458439,589.8866277971905,652.0983276367188
2019-02-08 00:00:00+05:30,686.1817790371798,697.2419458703449,681.5771601942788,686.994384765625,5915169,0.0,0.0,-0.00405731239111029,1.3479089848675554,666.7365142822266,697.0163703366705,636.4566582277827,672.0743915578457,640.8986825319157,656.4865370448807,589.7409896545021,667.17626953125
2019-02-11 00:00:00+05:30,692.4114581412573,694.0817466432865,685.2787586370789,688.7096557617188,5500216,0.0,0.0,0.0024967758603717805,1.351274411482951,669.658984375,696.3223791261058,642.9955896238943,674.1509608392341,645.6128208983002,659.8818908687672,589.7409896545021,670.9231567382812
2019-02-12 00:00:00+05:30,686.4977748561387,686.4977748561387,669.0272473230377,677.5593872070312,7310690,0.0,0.0,-0.016190085998366355,1.32939716255365,670.9149932861328,696.5513713559807,645.278615216285,676.3630874053864,646.7352329906269,661.5491601980066,589.7409896545021,663.8356323242188
2019-02-14 00:00:00+05:30,678.0558165915174,679.8615577808424,665.6413459149085,668.1693725585938,4610535,0.0,0.0,-0.013858585425469583,1.3109735984120234,671.2435516357422,696.5568087232002,645.9302945482841,681.4416458926266,646.7352329906269,664.0884394416267,589.7409896545021,657.0640869140625
2019-02-15 00:00:00+05:30,670.2009314430309,673.9929995280562,661.4430743460774,669.8849487304688,5586389,0.0,0.0,0.002567576788660153,1.3143396237938525,671.8127868652343,696.4499529381245,647.1756207923441,679.3425101082112,650.5515034302475,664.9470067692293,589.7409896545021,658.8247680664062
2019-02-18 00:00:00+05:30,670.2461087005672,675.0313679715329,664.5129012286346,669.0723876953125,5346825,0.0,0.0,-0.0012129859563141387,1.3127453482883633,672.4491455078125,696.081704213421,648.8165868022041,679.3425101082112,650.5515034302475,664.9470067692293,589.7409896545021,666.1380004882812
2019-02-19 00:00:00+05:30,667.31169371595,668.6208672158081,651.2406067255431,653.94921875,9401334,0.0,0.0,-0.022603187971044214,1.2830731184228876,671.6985443115234,696.6576833493474,646.7394052736994,674.2412762979441,661.0797392429696,667.6605077704569,589.7409896545021,681.7576293945312
2019-02-20 00:00:00+05:30,656.3869479694872,670.8328780485956,655.5292098496701,668.7562866210938,5210675,0.0,0.0,0.022642534690074045,1.3121251460166794,671.6725799560547,696.6429466784942,646.7022132336152,674.2412762979441,666.1306289092277,670.1859526035859,589.7409896545021,685.6400146484375
2019-02-21 00:00:00+05:30,666.3184994064582,666.3184994064582,656.4771878738404,662.21044921875,7202786,0.0,0.0,-0.0097880760649246,1.299281965280768,671.9344085693359,696.3815145929124,647.4873025457595,674.2412762979441,672.0743915578457,673.1578339278949,597.0591359411262,680.132568359375
2019-02-22 00:00:00+05:30,661.3527751417378,666.4991490549963,657.2898570691947,663.5648193359375,3750833,0.0,0.0,0.0020452261343586464,1.301939290712061,672.0675811767578,696.298564098172,647.8365982553436,672.6611766844148,672.0743915578457,672.3677841211303,600.5611018689351,675.2569580078125
2019-02-25 00:00:00+05:30,664.1065069614828,684.3759644225447,664.1065069614828,681.5770874023438,6547552,0.0,0.0,0.027144700173273195,1.337280042402244,673.1758605957032,697.0101167541195,649.3416044372868,668.8691907908409,672.0743915578457,670.4717911743433,601.0998297793344,685.5496826171875
2019-02-26 00:00:00+05:30,675.8890202848297,679.5005032788323,668.2598065454852,670.3815307617188,8319610,0.0,0.0,-0.016425958042829758,1.315313936534231,673.8327026367188,696.5613129574415,651.104092315996,667.8082855740439,672.0743915578457,669.9413385659448,601.0998297793344,692.7274780273438
2019-02-27 00:00:00+05:30,672.6386209881576,673.9026619159762,661.5784557437215,663.8356323242188,5936354,0.0,0.0,-0.009764437319838226,1.3024706360450329,674.1645050048828,696.0828483544364,652.2461616553293,667.8082855740439,672.0743915578457,669.9413385659448,606.4874567832005,686.723388671875
2019-02-28 00:00:00+05:30,666.9505581641926,670.2911905804842,661.1721639788855,662.9779052734375,8559921,0.0,0.0,-0.0012920774496213427,1.300787743107405,674.5437103271485,695.3738559156333,653.7135647386636,667.8082855740439,672.0743915578457,669.9413385659448,606.4874567832005,679.5908203125
2019-03-01 00:00:00+05:30,664.0613882926692,671.1940887412734,664.0613882926692,669.8397827148438,3998826,0.0,0.0,0.010350084651125968,1.3142510063617139,674.1983581542969,695.1006339255654,653.2960823830284,667.8082855740439,672.0743915578457,669.9413385659448,606.4874567832005,670.5620727539062
2019-03-05 00:00:00+05:30,668.5756870517146,670.381428272651,659.3212632944153,661.3527221679688,4826505,0.0,0.0,-0.012670284396183784,1.2975990723431403,673.0900848388671,694.2499431402013,651.930226537533,669.9525871361075,672.0743915578457,671.0134893469766,606.4874567832005,675.1215209960938
2019-03-06 00:00:00+05:30,664.6030343229148,664.6030343229148,656.3869338103937,661.3527221679688,6076668,0.0,0.0,0.0,1.2975990723431403,672.0337219238281,693.3235040916286,650.7439397560277,670.3814491164692,672.0743915578457,671.2279203371575,606.4874567832005,656.8383178710938
2019-03-07 00:00:00+05:30,662.7071182972666,663.1585536639541,650.5634959120013,652.7304077148438,5951551,0.0,0.0,-0.01303739164308626,1.2806817650412974,670.5936462402344,692.998277074229,648.1890154062398,667.4697301672729,672.0743915578457,669.7720608625593,606.4874567832005,653.7685546875
2019-03-08 00:00:00+05:30,652.7303744596701,652.7303744596701,641.625076026319,643.159912109375,7193994,0.0,0.0,-0.014662248751324936,1.261904090430976,668.2935852050781,692.0220351777385,644.5651352324177,663.0005202244319,669.433510948332,666.2170155863819,606.4874567832005,647.4035034179688
2019-03-11 00:00:00+05:30,644.0175606418421,648.7124985840702,640.4963985153054,642.1666870117188,9932198,0.0,0.0,-0.001544289497768525,1.2599553451969323,665.9122650146485,690.0921744717862,641.7323555575108,659.9984508970688,668.8691721928251,664.4338115449469,606.4874567832005,651.014892578125
2019-03-12 00:00:00+05:30,640.1353588710858,645.5074508307971,637.0655762921488,638.2844848632812,11997387,0.0,0.0,-0.006045474215585767,1.252338317644755,663.4767700195313,688.4797201586869,638.4738198803757,655.4841191040625,667.1537610812468,661.3189400926547,608.4764568533815,657.4703979492188
2019-03-13 00:00:00+05:30,641.0381714179377,648.8028370853297,637.6975389398823,639.6387329101562,11348867,0.0,0.0,0.0021216997733621845,1.2549954035694746,661.0232238769531,685.250588352844,636.7958594010622,654.1298325167111,667.1537610812468,660.6417967989789,613.532453959853,664.9190673828125
2019-03-14 00:00:00+05:30,644.6497036001394,645.4623093028822,637.6073229015092,639.5484619140625,6415187,0.0,0.0,-0.00014112809535948845,1.254818288458484,659.1226776123046,683.8272088646341,634.4181463599751,654.1298325167111,667.1537610812468,660.6417967989789,613.5324842903619,657.786376953125
2019-03-15 00:00:00+05:30,642.8438987309902,653.4526288013401,640.6769871419657,648.7576904296875,14638664,0.0,0.0,0.014399578865475382,1.2728871433649827,658.1520935058594,682.8842297339819,633.4199572777369,653.7235022823999,667.1537610812468,660.4386316818234,613.5324842903619,666.318603515625
2019-03-18 00:00:00+05:30,651.4663098882752,653.4075038386532,636.8397942605211,641.21875,8065544,0.0,0.0,-0.011620579672349307,1.2580954569016007,656.718783569336,681.8884705316675,631.5490966070045,650.721414291718,667.040870065433,658.8811421785755,615.5413480916627,678.371826171875
2019-03-19 00:00:00+05:30,643.566188964027,655.9355279031861,638.6907205130968,652.0983276367188,8917337,0.0,0.0,0.01696702979555531,1.279441600004503,655.8700805664063,680.44772146474,631.2924396680726,649.9991739622376,667.040870065433,658.5200220138353,628.0960864772571,659.81787109375
2019-03-20 00:00:00+05:30,656.6126720364167,670.2008641283476,656.5224070152813,667.17626953125,13471173,0.0,0.0,0.023122190711906132,1.3090250926845535,656.5314331054688,681.5792188739936,631.4836473369439,653.5203291944343,665.4607704519037,659.490549823169,634.7702657463338,653.3172607421875
2019-03-22 00:00:00+05:30,672.6386330128666,673.8574863453844,661.1721647575857,670.9231567382812,8883260,0.0,0.0,0.00561603788705467,1.3163766272001751,656.6397766113281,681.918331058168,631.3612221644883,655.3486403029527,661.6687845583299,658.5087124306413,634.7702657463338,648.622314453125
2019-03-25 00:00:00+05:30,670.2911793871807,670.2911793871807,659.592129331514,663.8356323242188,7644966,0.0,0.0,-0.010563839305411382,1.302470636045033,656.7210357666015,682.0819038488833,631.3601676843198,655.3486403029527,660.6078793415329,657.9782598222428,634.7702657463338,654.1748657226562
2019-03-26 00:00:00+05:30,663.8356164940769,663.8356164940769,649.2542340890398,657.0640869140625,9406261,0.0,0.0,-0.01020063563995166,1.2891846076550015,656.3959991455079,681.5614552101155,631.2305430809002,655.3486403029527,660.6078793415329,657.9782598222428,634.7702657463338,649.47998046875
2019-03-27 00:00:00+05:30,659.095618258018,661.1722098695149,656.5224587774239,658.8247680664062,7387487,0.0,0.0,0.002679618605565315,1.2926391307156824,655.2583831787109,677.6426135289311,632.8741528284908,655.3486403029527,660.6078793415329,657.9782598222428,634.7702657463338,651.014892578125
2019-03-28 00:00:00+05:30,659.0956199539796,672.6386806379655,659.0956199539796,666.1380004882812,9277241,0.0,0.0,0.011100421199006671,1.3069879695249442,655.0462066650391,676.9222534580706,633.1701598720076,655.3486403029527,660.6078793415329,657.9782598222428,634.7702657463338,647.222900390625
2019-04-01 00:00:00+05:30,669.9300455124569,686.1817177755623,669.9300455124569,681.7576293945312,6584982,0.0,0.0,0.023448037636046637,1.3376342726242252,655.9423065185547,680.517833878764,631.3667791583454,661.5107560180418,661.5107560180418,661.5107560180418,634.7702657463338,649.796142578125
2019-04-02 00:00:00+05:30,685.2788443346373,691.4183539212714,681.306191310246,685.6400146484375,7283600,0.0,0.0,0.005694670784035294,1.3452516594362627,657.0754119873047,684.7715866465891,629.3792373280204,665.0545372171841,664.1290740908962,664.5918056540402,634.7702657463338,644.5142822265625
2019-04-03 00:00:00+05:30,682.5703305613233,684.8275075803754,674.2639081098398,680.132568359375,6897127,0.0,0.0,-0.00803256252756257,1.3344458413665337,657.5900512695313,686.5823779223995,628.5977246166631,670.3362940051557,664.1290740908962,667.2326840480259,634.7702657463338,646.5457153320312
2019-04-04 00:00:00+05:30,678.4170051743826,680.583861595921,672.728876189077,675.2569580078125,7688525,0.0,0.0,-0.007168617675997413,1.3248797093204523,658.2852630615234,688.2660122637011,628.3045138593458,670.3362940051557,664.1290740908962,667.2326840480259,634.7702657463338,661.8944091796875
2019-04-05 00:00:00+05:30,677.9656021206982,687.039441252189,675.3472551582263,685.5496826171875,6276040,0.0,0.0,0.015242678342391791,1.3450744245719854,659.4951110839844,691.7646182399842,627.2256039279846,670.3362940051557,664.1290740908962,667.2326840480259,634.7702657463338,653.588134765625
2019-04-08 00:00:00+05:30,688.9354104302621,695.2103722138216,682.0284833028966,692.7274780273438,4919911,0.0,0.0,0.010470131621612033,1.3591575308381183,661.4949645996094,696.6971228296618,626.292806369557,672.2323031514306,666.0250832371714,669.128693194301,634.7702657463338,652.2338256835938
2019-04-09 00:00:00+05:30,695.210394754475,697.91900668209,684.5565321938935,686.723388671875,6730692,0.0,0.0,-0.00866731802319487,1.3473772802747241,663.6731384277343,699.460339577054,627.8859372784146,677.220732729757,667.3794004713055,672.3000666005312,634.7702657463338,640.4061279296875
2019-04-10 00:00:00+05:30,689.7932487025671,692.2310107337512,678.3267792276321,679.5908203125,7031088,0.0,0.0,-0.010386377509537636,1.3333829111940168,665.5443450927735,700.5339988955449,630.5546912900021,678.5073133180348,667.3794004713055,672.9433568946702,634.7702657463338,640.8125
2019-04-11 00:00:00+05:30,678.7330414803199,678.7330414803199,668.1694433817031,670.5620727539062,8200995,0.0,0.0,-0.013285564325960175,1.3156681667562127,667.1582244873047,699.8474741289401,634.4689748456692,683.0442250318965,667.3794004713055,675.211812751601,634.7702657463338,632.9574584960938
2019-04-12 00:00:00+05:30,670.9231504777509,678.5524184063988,668.6659738779646,675.1215209960938,7043212,0.0,0.0,0.006799442478848228,1.3246139767773233,668.9323638916015,699.1905523713392,638.6741754118639,683.0442250318965,667.3794004713055,675.211812751601,634.7702657463338,640.31591796875
2019-04-15 00:00:00+05:30,654.3102913803815,660.3143474074676,643.3855247819239,656.8383178710938,31574803,0.0,0.0,-0.027081351366231687,1.288741640247595,669.7968566894531,697.5012990686891,642.092414310217,670.652265732007,667.3794004713055,669.0158331016562,634.7702657463338,639.32275390625
2019-04-16 00:00:00+05:30,657.1995069231976,657.1995069231976,644.7398490290241,653.7685546875,12524411,0.0,0.0,-0.004673544615276581,1.2827186486943332,670.0473999023437,697.0608707616414,643.0339290430461,670.652265732007,667.3794004713055,669.0158331016562,634.7702657463338,657.3800659179688
2019-04-18 00:00:00+05:30,652.3241603548203,652.3241603548203,643.5211699555683,647.4035034179688,13801105,0.0,0.0,-0.009735939766288948,1.2702301771935496,670.3566375732422,696.1437448007999,644.5695303456845,670.652265732007,667.3794004713055,669.0158331016562,634.7702657463338,657.1093139648438
2019-04-22 00:00:00+05:30,647.4034098593149,655.2583957940974,645.5525359872954,651.014892578125,6455426,0.0,0.0,0.005578266322455727,1.2773158594127554,670.3024658203125,696.2485574133905,644.3563742272345,670.652265732007,667.3794004713055,669.0158331016562,634.7702657463338,662.30078125
2019-04-23 00:00:00+05:30,653.5880652960627,659.0955540474179,648.6222768751576,657.4703979492188,5516668,0.0,0.0,0.009916064048133943,1.2899818052843894,669.817172241211,696.341957146706,643.292387335716,670.652265732007,667.3794004713055,669.0158331016562,640.0007172268565,666.0927734375
2019-04-24 00:00:00+05:30,657.4703848993012,666.228240780072,653.6783173408712,664.9190673828125,8285120,0.0,0.0,0.011329284872486411,1.3045963766367805,669.5169677734375,696.1215401869315,642.9123953599435,667.8082677578375,667.3794004713055,667.5938341145716,640.8986825319157,672.3226928710938
2019-04-25 00:00:00+05:30,664.9190768697216,666.0025326314242,656.4320710277091,657.786376953125,8005235,0.0,0.0,-0.010727155799220012,1.2906017680494999,669.2145050048828,696.2095005700426,642.219509439723,661.0592831311219,667.3794004713055,664.2193418012137,640.8986825319157,663.8807373046875
2019-04-26 00:00:00+05:30,659.9985083603277,667.9437598199016,658.1927668873857,666.318603515625,6895168,0.0,0.0,0.012971120809800674,1.3073423195002123,669.6772308349609,696.1292589153745,643.2252027545474,660.9689715941613,667.3794004713055,664.1741860327334,640.8986825319157,664.1516723632812
2019-04-30 00:00:00+05:30,666.3185252976455,680.5838702379324,666.3185252976455,678.371826171875,9920046,0.0,0.0,0.018089278301183453,1.3309911985525664,670.6545837402343,696.8713482681162,644.4378192123525,661.9846975099281,668.3048635975933,665.1447805537607,640.8986825319157,667.3116455078125
2019-05-02 00:00:00+05:30,674.4443868910714,675.7084278650673,658.6441502503836,659.81787109375,6351352,0.0,0.0,-0.027350715879264853,1.294587636443153,670.3385772705078,696.9192910994065,643.7578634416092,662.0525200967504,670.652265732007,666.3523929143787,640.8986825319157,680.3130493164062
2019-05-03 00:00:00+05:30,652.6852952948527,659.9985264176124,648.441791695967,653.3172607421875,6348116,0.0,0.0,-0.00985212834685234,1.281833192892667,668.9165588378906,695.9456579076457,641.8874597681356,662.0525200967504,670.652265732007,666.3523929143787,640.8986825319157,681.5770874023438
2019-05-06 00:00:00+05:30,645.5525321177957,651.6920416816015,641.6250667273727,648.622314453125,8858265,0.0,0.0,-0.007186319069128699,1.2726215305751403,667.065673828125,694.33186110049,639.79948655576,661.1044684826525,669.7720367047314,665.4382525936919,645.6128208983002,680.5839233398438
2019-05-07 00:00:00+05:30,650.4279858911908,657.1995152205403,648.8930948885023,654.1748657226562,5747536,0.0,0.0,0.008560530752341977,1.2835158463237213,665.767788696289,692.8917451559719,638.6438322366062,661.1044684826525,669.7720367047314,665.4382525936919,646.7352329906269,679.9888305664062
2019-05-08 00:00:00+05:30,650.969739084986,655.4840923380026,646.9068211572711,649.47998046875,6247642,0.0,0.0,-0.007176804704533968,1.2743043037594812,664.4789398193359,692.1271788672461,636.8307007714257,661.1044684826525,669.7720367047314,665.4382525936919,646.7352329906269,677.9743041992188
2019-05-09 00:00:00+05:30,649.299471350802,659.3664463653732,646.2748215096868,651.014892578125,7396525,0.0,0.0,0.002363293951365808,1.2773158594127554,662.7522003173829,689.195606854296,636.3087937804697,661.1044684826525,669.7720367047314,665.4382525936919,650.5515034302475,678.0659790039062
2019-05-10 00:00:00+05:30,650.7892510138826,655.4841901187497,645.5526114805868,647.222900390625,8352335,0.0,0.0,-0.005824739542413693,1.2698758272182817,660.4769714355468,683.8309755484009,637.1229673226927,661.1044684826525,669.7720367047314,665.4382525936919,650.5515034302475,686.85595703125
2019-05-13 00:00:00+05:30,646.9520774418638,655.8905206356602,642.9342912566349,649.796142578125,6808993,0.0,0.0,0.003975820673135955,1.2749246257844518,658.6306091308594,679.0121363758626,638.2490818858562,661.1044684826525,669.7720367047314,665.4382525936919,661.0797392429696,688.458251953125
2019-05-14 00:00:00+05:30,646.9069118287564,648.0355003001953,635.2598567607638,644.5142822265625,10513001,0.0,0.0,-0.008128488314206095,1.2645614158622693,656.8767822265625,675.7031139755876,638.0504504775373,655.4841423129155,666.5894317214269,661.0367870171713,666.1306289092277,691.2051391601562
2019-05-15 00:00:00+05:30,645.4623145287444,654.7618721360006,643.3856677397791,646.5457153320312,6668929,0.0,0.0,0.003151882218111357,1.2685471645026354,655.6759643554688,673.9053951633543,637.4465335475832,647.6291915891882,666.5894317214269,657.1093116553075,667.040870065433,686.9017333984375
2019-05-16 00:00:00+05:30,650.0668264631662,665.4156265324355,649.2542208873482,661.8944091796875,6468556,0.0,0.0,0.023739533777242583,1.298661882762371,655.0146087646484,671.1981827235749,638.831034805722,650.3377416465996,666.5894317214269,658.4635866840133,667.040870065433,682.5983276367188
2019-05-17 00:00:00+05:30,661.9396889066481,664.3322632450984,650.1571819519366,653.588134765625,8155948,0.0,0.0,-0.012549243956232803,1.2823646579789254,654.852099609375,671.0243050424044,638.6798941763457,650.3377416465996,666.5894317214269,658.4635866840133,667.040870065433,684.9788818359375
2019-05-20 00:00:00+05:30,649.7960637349937,655.845308538748,637.4267239347195,652.2338256835938,11213708,0.0,0.0,-0.0020721139353561124,1.279707452300919,654.7753631591797,670.9823096194524,638.5684166989071,650.3377416465996,666.5894317214269,658.4635866840133,667.040870065433,676.8298950195312
2019-05-21 00:00:00+05:30,652.4594839248516,652.4594839248516,638.9615569619641,640.4061279296875,8645535,0.0,0.0,-0.018134137311124343,1.2565010616428252,654.4254943847657,671.5406726690723,637.3103161004591,650.3377416465996,663.7454337472575,657.0415876969286,667.3794004713055,668.90966796875
2019-05-22 00:00:00+05:30,641.0382176822825,648.4869011976048,638.3296054948926,640.8125,5795713,0.0,0.0,0.0006345536880263403,1.2572983790254997,653.9153747558594,671.9983390521644,635.8324104595544,650.3377416465996,657.9218634993481,654.1298025729739,667.3794004713055,670.2373657226562
2019-05-23 00:00:00+05:30,645.5525150916294,647.0874062188119,629.7071461971142,632.9574584960938,7233736,0.0,0.0,-0.012257940511313792,1.2418864902904339,652.6897277832031,672.8682363602288,632.5112192061774,647.5613863647748,655.1455082175232,651.353447291149,667.3794004713055,669.5963745117188
2019-05-24 00:00:00+05:30,635.4403940964596,642.618227255777,632.415799263463,640.31591796875,7016424,0.0,0.0,0.0116255198100359,1.2563240662851212,651.4595703125,671.5038078757916,631.4153327492083,647.5613863647748,655.1455082175232,651.353447291149,667.3794004713055,677.5623779296875
2019-05-27 00:00:00+05:30,638.6907884688374,644.4691281855077,636.9753120067991,639.32275390625,10247544,0.0,0.0,-0.0015510532139363375,1.2543754408043641,650.5363891601562,671.030649938152,630.0421283821604,647.5613863647748,655.1455082175232,651.353447291149,667.3794004713055,669.5963745117188
2019-05-28 00:00:00+05:30,642.8438712100319,662.2104567222094,640.8575448562716,657.3800659179688,23860490,0.0,0.0,0.02824443819868594,1.2898045704201124,650.0894622802734,669.5398022150745,630.6391223454724,647.5613863647748,655.1455082175232,651.353447291149,667.3794004713055,671.8854370117188
2019-05-29 00:00:00+05:30,655.0327222829061,662.3911408612872,653.3624334555959,657.1093139648438,10293077,0.0,0.0,-0.00041186517079261353,1.2892733448404272,649.0263366699219,663.9252990438359,634.1273742960078,647.0197047211063,655.1455082175232,651.0826064693148,667.3794004713055,657.4185791015625
2019-05-30 00:00:00+05:30,656.3869892731054,665.6414138123755,652.3692036956614,662.30078125,15089296,0.0,0.0,0.00790046218312157,1.2994592001450456,649.1504821777344,664.4474857508127,633.8534786046561,647.6742800047448,655.1455082175232,651.409894111134,667.3794004713055,657.0523681640625
2019-05-31 00:00:00+05:30,664.964185207345,670.7877114963144,661.9847233011052,666.0927734375,8290306,0.0,0.0,0.005725483488548955,1.306899232339519,649.7892578125,666.7266308926,632.8518847323999,650.2474288467142,655.1455082175232,652.6964685321187,667.3794004713055,655.1295166015625
2019-06-03 00:00:00+05:30,658.9150298307492,677.9656347802821,658.192744287744,672.3226928710938,7744761,0.0,0.0,0.00935293052564301,1.3191225700636067,650.9742767333985,670.5595660903498,631.3889873764472,653.8363904886982,655.1455082175232,654.4909493531106,667.3794004713055,656.7318115234375
2019-06-04 00:00:00+05:30,665.6413459858366,667.6276723156752,661.9395985900651,663.8807373046875,11733702,0.0,0.0,-0.012556404321793169,1.302559133723885,651.4595703125,671.8124591669405,631.1066814580595,653.8363904886982,655.1455082175232,654.4909493531106,667.3794004713055,660.6232299804688
2019-06-06 00:00:00+05:30,664.9642780451824,672.3226963758649,662.3911185639205,664.1516723632812,7563925,0.0,0.0,0.00040810802809820856,1.3030907185634304,652.1931549072266,673.2607174362214,631.1255923782318,655.1907170218726,655.1455082175232,655.1681126196979,667.3794004713055,665.4303588867188
2019-06-07 00:00:00+05:30,664.3773160266337,671.6906010284503,664.3773160266337,667.3116455078125,3218358,0.0,0.0,0.0047579088874187825,1.3092907054743963,653.0079925537109,675.078125577577,630.9378595298448,657.4704733935406,653.8363904886982,655.6534319411194,667.3794004713055,713.5921630859375
2019-06-10 00:00:00+05:30,668.2145603050657,680.8547496752444,668.2145603050657,680.3130493164062,4435148,0.0,0.0,0.01948325628080405,1.3347999518352287,654.6625,679.5623034410423,629.7626965589577,660.856147265758,655.2809479361792,658.0685476009686,667.3794004713055,718.6281127929688
2019-06-11 00:00:00+05:30,681.6673524261494,685.2788350880098,677.6044344315565,681.5770874023438,5733127,0.0,0.0,0.0018580241657979446,1.3372800424022444,656.2515472412109,683.6644322657422,628.8386622166796,668.8240193918357,657.4929906425621,663.1585050171989,667.3794004713055,727.1434326171875
2019-06-12 00:00:00+05:30,683.4279880905157,683.4279880905157,672.6386721930285,680.5839233398438,8738342,0.0,0.0,-0.001457155882814698,1.3353314169214874,658.055029296875,686.8676750556909,629.242383538059,668.8240193918357,657.4929906425621,663.1585050171989,667.3794004713055,725.8157958984375
2019-06-13 00:00:00+05:30,677.5624023121118,684.1549125386964,677.5624023121118,679.9888305664062,4808577,10.5,0.0,-0.0008743855871840012,1.3341638223764172,659.7271850585937,689.5491647463795,629.905205370808,671.7357896878768,657.4929906425621,664.6143901652194,667.3794004713055,719.1317749023438
2019-06-14 00:00:00+05:30,681.0873945741464,682.5981976474037,675.9599187299742,677.9743041992188,5556353,0.0,0.0,-0.002962587437663422,1.3302112453964599,660.5311798095703,691.4036166009943,629.6587430181463,671.7357896878768,657.4929906425621,664.6143901652194,667.3794004713055,718.2161865234375
2019-06-17 00:00:00+05:30,680.3092710883247,681.6827083785435,675.5480106385054,678.0659790039062,3085588,0.0,0.0,0.00013521870094446165,1.330391114833044,661.7550720214844,693.36947418129,630.1406698616787,673.6092168390375,657.4929906425621,665.5511037407998,667.3794004713055,723.389404296875
2019-06-18 00:00:00+05:30,677.7454792141343,688.9618828664636,677.7454792141343,686.85595703125,6202838,0.0,0.0,0.012963307848384398,1.3476373844133802,663.4861785888672,696.5983114248515,630.3740457528829,675.6765007151921,659.334514531789,667.5055076234905,667.3794004713055,719.9557495117188
2019-06-19 00:00:00+05:30,689.0076044331053,691.662938485372,685.4366456573395,688.458251953125,4596253,0.0,0.0,0.002332796135015691,1.3507811476951423,665.888784790039,698.9259259911794,632.8516435888987,678.0201272560029,660.6850423412432,669.352584798623,667.3794004713055,727.4638671875
2019-06-20 00:00:00+05:30,675.5479225618378,693.036388641693,673.8082690855574,691.2051391601562,7148684,0.0,0.0,0.003989911079195441,1.3561706443618995,668.4084167480469,701.0921520624645,635.7246814336293,680.6254744733793,661.3717674194036,670.9986209463914,666.5894317214269,720.5967407226562
2019-06-21 00:00:00+05:30,691.2967212438544,691.2967212438544,684.109088946632,686.9017333984375,13200318,0.0,0.0,-0.006225945841414893,1.3477271993783855,671.1056304931641,700.326372160445,641.8848888258832,682.8375304173608,661.3717674194036,672.1046489183822,666.5894317214269,724.6713256835938
2019-06-24 00:00:00+05:30,688.4583490476821,688.4583490476821,679.9888191608416,682.5983276367188,4758178,0.0,0.0,-0.006264951087585291,1.3392837543948717,673.2197509765625,699.1196872289524,647.3198147241726,682.8375304173608,661.3717674194036,672.1046489183822,666.5894317214269,725.8157958984375
2019-06-25 00:00:00+05:30,681.224842557684,687.5426759516542,675.0901452984509,684.9788818359375,3677911,0.0,0.0,0.0034874890588447727,1.3439544918350124,675.5025573730469,696.6064637961322,654.3986509499616,683.4223288636251,661.3717674194036,672.3970481415143,666.5894317214269,726.6856689453125
2019-06-26 00:00:00+05:30,680.30925824534,688.0462993445722,675.7311340310375,676.8298950195312,5447130,0.0,0.0,-0.011896697887334384,1.3279658712713251,676.475048828125,695.8529408788676,657.0971567773823,683.4223288636251,661.3717674194036,672.3970481415143,666.5894317214269,703.97802734375
2019-06-27 00:00:00+05:30,679.3935828159485,681.865780884657,666.7122020406878,668.90966796875,11122346,0.0,0.0,-0.011701946248329764,1.3124260860260917,677.0650665283204,694.6673341491194,659.4627989075213,679.8742953411904,661.3717674194036,670.623031380297,666.5894317214269,710.1585693359375
2019-06-28 00:00:00+05:30,673.4420525806197,677.1045518468637,667.0326788646927,670.2373657226562,5919494,0.0,0.0,0.001984868536790696,1.3150310792711082,677.4618957519531,694.0315821997675,660.8922093041386,679.8742953411904,661.3717674194036,670.623031380297,666.5894317214269,711.165771484375
2019-07-01 00:00:00+05:30,672.9841972942054,675.2732591897638,668.2687074352348,669.5963745117188,3224968,0.0,0.0,-0.0009563644817778272,1.3137734302544593,677.637075805664,693.7865265588936,661.4876250524345,679.8742953411904,662.7260939525779,671.3001946468842,663.8130764396021,709.1056518554688
2019-07-02 00:00:00+05:30,672.0686289194467,679.0731812616256,668.4976697086684,677.5623779296875,4837606,0.0,0.0,0.011896724237459688,1.329403030464698,677.8990600585937,693.8620788681693,661.9360412490181,679.8742953411904,665.005850324246,672.4400728327182,663.8130764396021,710.6163940429688
2019-07-03 00:00:00+05:30,678.4779458435459,680.4923314886973,668.4060735030884,669.5963745117188,5958379,0.0,0.0,-0.01175685616180333,1.313773430254459,678.1848419189453,693.3074283572485,663.0622554806421,679.004461642271,666.9469667489823,672.9757141956267,663.8130764396021,722.1990966796875
2019-07-04 00:00:00+05:30,667.4904493453525,674.2660949164214,667.1241770876137,671.8854370117188,3274064,0.0,0.0,0.0034185706302087837,1.3182646575178756,678.5715301513671,692.5820334842507,664.5610268184836,677.5852755441849,672.7027961686772,675.1440358564311,663.8130764396021,723.2062377929688
2019-07-05 00:00:00+05:30,672.9842000552208,674.2660970761127,653.2982676726531,657.4185791015625,4926289,0.0,0.0,-0.021531733109887208,1.2898801347440039,678.0768768310547,694.2057115828743,661.9480420792352,670.6722835086126,672.7027961686772,671.6875398386449,663.8130764396021,700.2240600585938
2019-07-08 00:00:00+05:30,655.9994331206975,663.7822443238811,652.1995676497268,657.0523681640625,7177092,0.0,0.0,-0.0005570437908835046,1.2891616150239606,676.9138427734375,695.4349725949575,658.3927129519176,670.1229334971495,672.6179781457099,671.3704558214297,663.8130764396021,709.4260864257812
2019-07-09 00:00:00+05:30,657.4185785044332,659.1124619584373,649.2237257150964,655.1295166015625,5022638,0.0,0.0,-0.002926481442982798,1.2853889074805873,675.5914642333985,696.267889381858,654.9150390849389,665.5447532998767,671.1300571783947,668.3374052391357,663.8130764396021,709.1972045898438
2019-07-10 00:00:00+05:30,649.1779078007909,661.7219772809119,646.8888460666554,656.7318115234375,7573816,0.0,0.0,0.002445768174492935,1.2885326707623497,674.3988586425781,696.504052766803,652.2936645183532,663.6905887776763,669.9626173541742,666.8266030659253,663.8130764396021,712.03564453125
2019-07-11 00:00:00+05:30,658.7462104971542,662.4544794052241,649.7272735490559,660.6232299804688,6252688,0.0,0.0,0.005925430120408359,1.2961677810608152,673.4305786132812,696.1660001923906,650.6951570341719,663.6905887776763,669.9626173541742,666.8266030659253,663.8130764396021,725.861572265625
2019-07-12 00:00:00+05:30,661.5389532791941,668.9554922005893,658.8836188634667,665.4303588867188,7874441,0.0,0.0,0.007276657386680263,1.3055995499192483,672.8033813476562,695.6960703345206,649.9106923607918,663.6905887776763,669.9626173541742,666.8266030659253,663.8130764396021,731.9962768554688
2019-07-15 00:00:00+05:30,698.6217200112461,715.6981448269789,690.5642329758572,713.5921630859375,31064152,0.0,0.0,0.07237692653487371,1.4000948326277178,674.5796905517578,703.5987178298029,645.5606632737127,681.2934954468171,681.2934954468171,681.2934954468171,663.8130764396021,728.5626831054688
2019-07-16 00:00:00+05:30,711.4404803583985,721.3292171708754,710.5248555445525,718.6281127929688,9924322,0.0,0.0,0.0070571819136202585,1.4099755565578913,676.1682983398438,710.7186714072316,641.617925272456,684.1090316187654,684.1090316187654,684.1090316187654,663.8130764396021,734.5142822265625
2019-07-17 00:00:00+05:30,717.7582787354316,727.9216913166762,711.211539283306,727.1434326171875,6754348,0.0,0.0,0.01184941094375458,1.4266829363481948,678.1025573730469,719.010280978417,637.1948337676769,687.4052686916658,687.4052686916658,687.4052686916658,663.8130764396021,734.8345947265625
2019-07-18 00:00:00+05:30,722.4737429977879,731.1264086035316,719.8642346511953,725.8157958984375,6534471,0.0,0.0,-0.0018258250837409618,1.424078062856465,679.8330902099609,725.5158594168358,634.150321003086,689.0076273350935,689.0076273350935,689.0076273350935,663.8130764396021,718.4450073242188
2019-07-19 00:00:00+05:30,722.1533257107794,727.4639386294399,715.3319094452485,719.1317749023438,6812754,0.0,0.0,-0.009208977035034205,1.410963760679524,681.4445922851562,730.2151787457377,632.6740058245747,689.0076273350935,689.0076273350935,689.0076273350935,663.8130764396021,734.7889404296875
2019-07-22 00:00:00+05:30,719.6353939267717,725.1749133377064,716.0644344993945,718.2161865234375,7107151,0.0,0.0,-0.001273185820541145,1.4091673416261294,683.2254852294922,734.5953819924308,631.8555884665535,689.0076273350935,689.0076273350935,689.0076273350935,663.8130764396021,738.8634033203125
2019-07-23 00:00:00+05:30,720.5967596708915,736.1623821796655,719.2690924563173,723.389404296875,10782564,0.0,0.0,0.007202869930401867,1.4193173906980325,685.1460113525391,739.4552140096037,630.8368086954745,692.9448278643607,691.5256141231605,692.2352209937605,663.8130764396021,746.1427001953125
2019-07-24 00:00:00+05:30,721.5123228065087,726.777165263536,717.4835514417935,719.9557495117188,5745146,0.0,0.0,-0.004746620236294019,1.4125804300496212,687.3023040771484,743.5313100947106,631.0732980595861,697.5230005215661,691.5256141231605,694.5243073223633,663.8130764396021,745.5474853515625
2019-07-25 00:00:00+05:30,721.7412124739419,732.6829394633249,721.1918599755603,727.4638671875,9773568,0.0,0.0,0.01042858214671294,1.4273116411032327,690.230014038086,748.4087308613957,632.0512972147762,713.3633075777614,691.5256141231605,702.4444608504609,663.8130764396021,752.0026245117188
2019-07-26 00:00:00+05:30,725.4495411413134,727.9217393577023,716.2017527186895,720.5967407226562,4941763,0.0,0.0,-0.009439817940914752,1.41383807906627,692.7479827880859,751.6101528471193,633.8858127290525,723.343618862109,691.5256141231605,707.4346164926347,663.8130764396021,763.6768188476562
2019-07-29 00:00:00+05:30,722.8858459825726,729.7072625460436,719.8642950421644,724.6713256835938,6244316,0.0,0.0,0.005654459326101424,1.4218325689780436,695.5017303466797,754.9304171289998,636.0730435643595,723.6869607314858,691.5256141231605,707.6062874273232,663.8130764396021,769.2622680664062
2019-07-30 00:00:00+05:30,725.0833072296838,730.4854600613833,722.0159305941539,725.8157958984375,8673253,0.0,0.0,0.0015792955706701584,1.424078062856465,697.9144012451172,758.1552662447796,637.6735362454549,725.747145812457,691.5256141231605,708.6363799678088,663.8130764396021,759.1445922851562
2019-07-31 00:00:00+05:30,724.1218747121455,732.3167281206576,715.6523450315955,726.6856689453125,7350584,0.0,0.0,0.0011984763238697127,1.4257847866981408,700.7688659667969,760.7792387346465,640.7584931989472,725.747145812457,691.5256141231605,708.6363799678088,663.8130764396021,750.9039306640625
2019-08-01 00:00:00+05:30,720.0930555743914,721.8785349141754,699.9035421421797,703.97802734375,10066407,0.0,0.0,-0.031248230936657406,1.3812315344174244,702.3734954833984,760.8904842143478,643.856506752449,718.0329621609226,691.5256141231605,704.7792881420415,663.8130764396021,747.5161743164062
2019-08-02 00:00:00+05:30,700.4987389163888,714.0958006664941,697.9350006649653,710.1585693359375,10838336,0.0,0.0,0.008779452983082248,1.3933579917325927,705.0104949951171,759.7805494930142,650.2404404972201,717.0486914223154,691.5256141231605,704.287152772738,661.3717674194036,759.32763671875
2019-08-05 00:00:00+05:30,707.4116763885492,719.5895305625904,703.7950032479243,711.165771484375,9976238,0.0,0.0,0.0014182778212186165,1.3953341604692848,707.7161651611328,757.8438421627684,657.5884881594973,715.3089700641451,691.5256141231605,703.4172920936528,661.3717674194036,757.8626708984375
2019-08-06 00:00:00+05:30,713.0885974617722,717.5751814264873,704.8479740953758,709.1056518554688,9331718,0.0,0.0,-0.0028968205607059483,1.391292127784182,710.4149719238281,754.2851827026825,666.5447611449738,715.3089700641451,691.5256141231605,703.4172920936528,661.3717674194036,761.1130981445312
2019-08-07 00:00:00+05:30,713.180188224104,717.3462699404936,707.1828009989163,710.6163940429688,5130457,0.0,0.0,0.002130489558991533,1.3942562611359335,713.1092010498047,749.338527651985,676.8798744476244,715.1258643928114,691.5256141231605,703.325739257986,661.3717674194036,759.831298828125
2019-08-08 00:00:00+05:30,716.6595775430724,725.8615960606304,715.3319103404194,722.1990966796875,8009009,0.0,0.0,0.01629951508833094,1.4169819621013184,716.1879943847656,743.2795494879198,689.0964392816114,715.1258643928114,691.5256141231605,703.325739257986,661.3717674194036,751.4533081054688
2019-08-09 00:00:00+05:30,725.1748534993928,729.5240713707592,718.5823436541558,723.2062377929688,4362520,0.0,0.0,0.0013945477333212608,1.418958011084724,719.0767883300781,732.8338615615137,705.3197150986425,715.1258643928114,691.5256141231605,703.325739257986,661.3717674194036,737.0779418945312
2019-08-13 00:00:00+05:30,717.987203387068,719.6810868990581,696.0122083672494,700.2240600585938,7517099,0.0,0.0,-0.03177817963035057,1.3738661085205486,718.4083831787109,734.3216361773824,702.4951301800394,714.1644682439535,691.5256141231605,702.845041183557,661.3717674194036,699.8577880859375
2019-08-14 00:00:00+05:30,709.700762689713,712.5850031742535,703.1998489403492,709.4260864257812,5940968,0.0,0.0,0.013141545531036858,1.3919208325392198,717.9482818603516,734.3397063742021,701.556857346501,712.7681398690042,691.5256141231605,702.1468769960824,661.3717674194036,727.0518798828125
2019-08-16 00:00:00+05:30,714.1873711163718,714.233141181049,698.1639365079916,709.1972045898438,5128088,0.0,0.0,-0.0003226295738442131,1.3914717577141928,717.0509704589844,733.2932465008384,700.8086944171303,712.7681398690042,691.5256141231605,702.1468769960824,661.3717674194036,725.7700805664062
2019-08-19 00:00:00+05:30,710.1585689923476,716.9342148327552,708.0984132025983,712.03564453125,3881451,0.0,0.0,0.004002328157860946,1.3970408843109605,716.361962890625,732.2189788679054,700.5049469133446,712.7681398690042,692.9448278643607,702.8564838666825,661.3717674194036,716.522216796875
2019-08-20 00:00:00+05:30,718.948616087775,730.6686025455298,717.7124890560459,725.861572265625,8435344,0.0,0.0,0.019417465741447426,1.42416787782147,716.698452758789,733.0594437511924,700.3374617663857,713.3404054563896,697.5230005215661,705.4317029889778,661.3717674194036,716.20166015625
2019-08-21 00:00:00+05:30,726.0904855625461,735.9334524223158,726.0904855625461,731.9962768554688,5926896,0.0,0.0,0.008451617807367251,1.4362044004183463,717.3874572753906,735.0683411673837,699.7065733833975,715.9728303947826,713.3633075777614,714.6680689862719,661.3717674194036,737.673095703125
2019-08-22 00:00:00+05:30,732.4083185405404,733.6901597620283,725.4953064161108,728.5626831054688,5222488,0.0,0.0,-0.004690725702526932,1.4294675595232216,717.6461212158204,735.8205571019688,699.4716853296719,715.9728303947826,716.0872952734575,716.03006283412,672.7026455120465,726.5940551757812
2019-08-23 00:00:00+05:30,729.2494392216577,741.6103749723037,728.654260701763,734.5142822265625,6895015,0.0,0.0,0.008168959595522107,1.4411448222600765,718.3740478515625,737.9857485600838,698.7623471430412,718.8112916697766,718.8112916697766,718.8112916697766,675.5181816839947,719.3148803710938
2019-08-26 00:00:00+05:30,728.7457239785566,738.7259997170183,720.5051016458265,734.8345947265625,5412074,0.0,0.0,0.00043608750401569196,1.441773287508541,718.7425842285156,739.2887972793626,698.1963711776687,718.8112916697766,718.8112916697766,718.8112916697766,678.8144187568952,726.5025024414062
2019-08-27 00:00:00+05:30,724.2592023339674,727.875931398789,715.1944946409008,718.4450073242188,16061642,0.0,0.0,-0.02230377763916036,1.4096162966978691,718.6349975585938,739.1635840210579,698.1064110961297,719.8871557401476,718.8112916697766,719.349223704962,680.4167774003229,722.9315795898438
2019-08-28 00:00:00+05:30,720.9630275807091,737.0780025494062,719.9558067168495,734.7889404296875,5881134,0.0,0.0,0.022749038463417248,1.4416837120501087,719.1408782958985,740.7228634116426,697.5588931801543,719.8871557401476,718.8112916697766,719.349223704962,680.4167774003229,717.5294189453125
2019-08-29 00:00:00+05:30,728.3794887538972,741.381371383258,728.3794887538972,738.8634033203125,7830413,0.0,0.0,0.005545079228114647,1.4496779624553089,719.7932586669922,742.8952032588028,696.6913140751816,724.854394087451,718.8112916697766,721.8328428786137,680.4167774003229,716.97998046875
2019-08-30 00:00:00+05:30,741.6561161508951,748.3859363322165,734.3311174728616,746.1427001953125,8174186,0.0,0.0,0.009852019794576616,1.46396021843718,720.7661102294921,746.4691511739874,695.0630692849969,731.7902154865586,722.1990723497329,726.9946439181458,682.9347641883899,746.0510864257812
2019-09-03 00:00:00+05:30,746.2342039441492,753.0098497451248,743.5330996362479,745.5474853515625,5647088,0.0,0.0,-0.0007977225316205816,1.4627923843855366,722.8445831298828,749.4971593517863,696.1920069079794,734.1021721930128,724.5110290561871,729.3066006245999,682.9347641883899,719.7726440429688
2019-09-04 00:00:00+05:30,742.3427942100056,753.055615368265,741.8849818176467,752.0026245117188,6199015,0.0,0.0,0.008658253547877415,1.4754576117374507,724.9367858886719,753.7815303768838,696.0920414004601,734.1250550045829,724.5339118677572,729.32948343617,682.9347641883899,703.4744873046875
2019-09-05 00:00:00+05:30,760.0600898735844,766.8357354423594,756.9012291641815,763.6768188476562,7926895,0.0,0.0,0.015524140415756671,1.4983628228795598,727.5623382568359,760.2616335077682,694.8630430059036,741.01511504163,731.4239719048044,736.2195434732172,682.9347641883899,706.3587036132812
2019-09-06 00:00:00+05:30,772.1464529176458,775.5342761629516,764.5925476303444,769.2622680664062,6106841,0.0,0.0,0.0073138912703649694,1.509321685649658,730.5701690673828,766.8381705683961,694.3021675663696,745.3643854019263,735.7732422651005,740.5688138335133,682.9347641883899,704.5732421875
2019-09-09 00:00:00+05:30,766.1949152855477,769.3996024779702,757.7253848484312,759.1445922851562,4377870,0.0,0.0,-0.013152439943117766,1.4894704228243056,732.9965789794921,770.0930090349952,695.900148923989,745.3643854019263,735.7732422651005,740.5688138335133,682.9347641883899,703.0623779296875
2019-09-11 00:00:00+05:30,752.9183165474279,758.6409719630647,745.4560074166218,750.9039306640625,7981036,0.0,0.0,-0.010855193733631086,1.4733019328240344,734.4318206787109,771.9695299016638,696.894111455758,747.7450414399005,735.7732422651005,741.7591418525005,682.9347641883899,595.4542236328125
2019-09-12 00:00:00+05:30,747.5161743164061,750.6750354438655,742.434411524634,747.5161743164062,4400017,0.0,0.0,-0.0045115709337948395,1.4666550266472018,735.6473175048828,773.2271184921664,698.0675165175993,751.9568824584244,735.7732422651005,743.8650623617625,682.9347641883899,609.5546875
2019-09-13 00:00:00+05:30,749.0726277647292,760.9299801214,748.5232752379418,759.32763671875,4832021,0.0,0.0,0.015800945595786153,1.4898295629310405,738.6024963378907,773.7677798429427,703.4372128328387,754.9326968179066,735.7732422651005,745.3529695415036,682.9347641883899,595.2667846679688
2019-09-16 00:00:00+05:30,761.8456164913839,767.2478252564708,751.3159311140782,757.8626708984375,4846496,0.0,0.0,-0.0019292934294384834,1.4869552445442944,741.0243255615235,774.4274086991732,707.6212424238738,758.7096289902992,735.7732422651005,747.2414356276998,682.9347641883899,597.2343139648438
2019-09-17 00:00:00+05:30,761.3420043394619,764.5466910684916,751.3159018244376,761.1130981445312,5540901,0.0,0.0,0.004288939633667832,1.4933327058261108,743.6201202392579,774.6894403747309,712.5508001037848,758.7096289902992,735.7732422651005,747.2414356276998,684.2890907215642,607.9151000976562
2019-09-18 00:00:00+05:30,759.8771247812465,762.66976954153,754.4749155319308,759.831298828125,3199389,0.0,0.0,-0.0016841114934574852,1.490817767052673,746.0099029541016,774.1815942461177,717.8382116620854,758.9843438437929,735.7732422651005,747.3787930544468,686.5688470932323,609.6016235351562
2019-09-19 00:00:00+05:30,755.2531176134635,757.2217333493278,746.4173715475229,751.4533081054688,6601607,0.0,0.0,-0.011026119528871003,1.4743798321573856,747.2894897460938,773.9528401683314,720.6261393238561,758.9843438437929,735.7732422651005,747.3787930544468,688.5099635179686,618.9237670898438
2019-09-20 00:00:00+05:30,753.4676476771139,764.546685070725,734.3310675769119,737.0779418945312,22462366,0.0,0.0,-0.019130085736371316,1.446174819560238,747.5435729980469,773.7059141589432,721.3812318371506,751.865335027441,735.7732422651005,743.8192886462707,691.5256141231605,642.3466796875
2019-09-23 00:00:00+05:30,738.8176677313476,738.8176677313476,679.3020561939578,699.8577880859375,17279260,0.0,0.0,-0.050496903642138324,1.3731474690472179,746.1083282470703,778.7129302260306,713.50372626811,723.2749407252143,727.4181661784547,725.3465534518346,691.5256141231605,644.5015869140625
2019-09-24 00:00:00+05:30,700.4529899386728,731.2637876018615,700.4529899386728,727.0518798828125,13717998,0.0,0.0,0.038856596668373156,1.426503306418183,745.7352081298828,779.0330031604348,712.4374130993309,723.2749407252143,727.4181661784547,725.3465534518346,691.5256141231605,664.2703857421875
2019-09-25 00:00:00+05:30,721.2377262515781,733.4155259295262,715.6982069269246,725.7700805664062,9313576,0.0,0.0,-0.0017630094245996153,1.4239883676447451,745.281982421875,779.4064849293882,711.1574799143618,723.2749407252143,727.4181661784547,725.3465534518346,691.5256141231605,652.1841430664062
2019-09-26 00:00:00+05:30,721.2834772046109,729.7530070860995,712.4476750281788,716.522216796875,18442824,0.0,0.0,-0.012742139717738188,1.4058437089077818,745.1858428955078,779.6250433707452,710.7466424202704,723.2749407252143,727.4181661784547,725.3465534518346,691.5256141231605,667.3621826171875
2019-09-27 00:00:00+05:30,720.642417650698,727.2349267472796,714.2788147318777,716.20166015625,5087642,0.0,0.0,-0.00044737850845433247,1.4052147646461708,744.256478881836,780.7334025220933,707.7795552415786,721.9243736312246,727.4181661784547,724.6712699048396,691.5256141231605,674.6700439453125
2019-09-30 00:00:00+05:30,718.8569625478899,739.824791492579,717.9871637512804,737.673095703125,8178091,0.0,0.0,0.02997959477249834,1.4473425338585946,744.1969635009766,780.7131788204293,707.6807481815239,721.9243706323414,727.4181661784547,724.671268405398,691.5256141231605,663.4739990234375
2019-10-01 00:00:00+05:30,738.9092200198392,739.4128024871538,724.7628055598708,726.5940551757812,5881438,0.0,0.0,-0.015018902806511636,1.425605037014842,743.21953125,780.521757660558,705.9173048394421,721.9243706323414,727.4181661784547,724.671268405398,691.5256141231605,659.9605712890625
2019-10-03 00:00:00+05:30,725.6784844375903,730.5312851042708,717.9872690088819,719.3148803710938,5497672,0.0,0.0,-0.010018214094700384,1.4113230205395442,741.9079010009766,780.624062076588,703.1917399253653,721.9243706323414,727.4181661784547,724.671268405398,694.2496105194796,647.7337646484375
2019-10-04 00:00:00+05:30,723.3435857317199,730.3023117972966,720.6424814180664,726.5025024414062,8201713,0.0,0.0,0.00999231667028,1.4254254070848313,740.6328948974609,779.6168461778119,701.6489436171099,709.5634238432684,727.4181661784547,718.4907950108616,694.2496105194796,660.8037719726562
2019-10-07 00:00:00+05:30,727.7843800536726,734.3311199988065,719.7726627220148,722.9315795898438,3679845,0.0,0.0,-0.004915224434275833,1.4184191212946904,738.5956329345703,776.7918523263764,700.3994135427641,720.1388907156258,727.4181661784547,723.7785284470403,694.2496105194796,659.4921264648438
2019-10-09 00:00:00+05:30,728.3337807405939,728.7458230903288,713.0886049975314,717.5294189453125,6335025,0.0,0.0,-0.007472575271364135,1.4078198776444737,736.0089904785157,772.4983926460578,699.5195883109735,726.136233260379,727.4181661784547,726.7771997194168,694.2496105194796,660.7101440429688
2019-10-10 00:00:00+05:30,719.1317322559399,727.6470316239355,711.0741893975378,716.97998046875,10402917,0.0,0.0,-0.000765736514845794,1.4067418585578355,733.9007598876954,769.6567889451898,698.144730830201,725.4494904450585,727.4181661784547,726.4338283117565,694.2496105194796,667.87744140625
2019-10-11 00:00:00+05:30,715.56079133115,754.2917097424548,711.0742073935064,746.0510864257812,20636344,0.0,0.0,0.040546607644504906,1.4637804687538818,733.6581176757812,769.0085108500473,698.3077245015152,732.6829495699963,727.4181661784547,730.0505578742254,697.637391199436,668.0180053710938
2019-10-14 00:00:00+05:30,720.3678225262826,729.752976871239,714.1873550308235,719.7726440429688,15150858,0.0,0.0,-0.035223381965313605,1.412221170189598,732.2709411621094,767.5132849380407,697.028597386178,732.6829495699963,727.4181661784547,730.0505578742254,699.9493479058901,668.252197265625
2019-10-15 00:00:00+05:30,707.8694749467247,710.4790390267436,700.4529367936182,703.4744873046875,13762133,0.0,0.0,-0.022643478983494503,1.3802435698023638,729.4782836914062,764.55152833604,694.4050390467725,727.3723232680366,727.4181661784547,727.3952447232457,699.9722307174602,649.4671630859375
2019-10-16 00:00:00+05:30,700.6818191546032,710.4790148660688,697.2939965030293,706.3587036132812,10767032,0.0,0.0,0.00409995864902557,1.385902511364137,726.9030853271485,760.792465994265,693.013704660032,725.7928531227421,727.4181661784547,726.6055096505984,706.8622907545074,654.0579223632812
2019-10-17 00:00:00+05:30,702.2841803220435,705.5346369939318,700.5444709501768,704.5732421875,9860495,0.0,0.0,-0.0025276979198358696,1.3823993684690665,724.0760925292968,755.3868145844589,692.7653704741348,725.7928531227421,724.350829335964,725.0718412293531,711.2115611148035,647.0311279296875
2019-10-18 00:00:00+05:30,699.3541092068319,708.5103558732876,695.8747466506376,703.0623779296875,10037200,0.0,0.0,-0.0021443679199648624,1.3794349956107417,721.237646484375,749.1406465877303,693.3346463810196,725.0832281965462,723.2749407252143,724.1790844608802,711.2115611148035,651.8562622070312
2019-10-22 00:00:00+05:30,639.4505589635196,639.4505589635196,590.6428347891302,595.4542236328125,90152532,8.0,0.0,-0.1530563399136069,1.1683037240338192,713.4376922607422,772.9935025068464,653.881882014638,672.4672722657925,678.9453300228006,675.7063011442965,711.2115611148035,657.5713500976562
2019-10-23 00:00:00+05:30,590.2543306724657,615.2230486453661,576.2943244224246,609.5546875,60516887,8.0,0.0,0.023680181124859256,1.1959693678277876,707.0615295410156,780.895535177765,633.2275239042661,665.2930170824397,671.7710748394477,668.5320459609437,711.2115611148035,652.4183959960938
2019-10-24 00:00:00+05:30,608.9925630001766,611.9906916703178,592.1281535632486,595.2667846679688,25666433,0.0,0.0,-0.02343990313753641,1.1679359616904437,701.8319793701172,790.4737010787453,613.1902576614891,665.2930170824397,671.7710748394477,668.5320459609437,711.2115611148035,648.9987182617188
2019-10-25 00:00:00+05:30,606.1818083544963,611.3348221813119,595.875780700865,597.2343139648438,16549337,0.0,0.0,0.0033052899095864507,1.1717963286396622,695.3411010742187,794.1867952880003,596.4954068604371,653.0236506468318,670.420507745458,661.7220791961449,711.2115611148035,654.2921752929688
2019-10-27 00:00:00+05:30,610.0231513062342,611.3348504876134,604.8233030953184,607.9151000976562,2945281,0.0,0.0,0.017883744927357226,1.1927524352878676,689.4483520507813,794.2731431879598,584.6235609136028,643.3866817245842,670.4205047465748,656.9035932355795,711.2115611148035,664.1297607421875
2019-10-29 00:00:00+05:30,609.9295197579794,612.5060269458971,606.1818729391899,609.6016235351562,16709764,0.0,0.0,0.0027742746268830665,1.1960614581052398,684.1023223876953,793.7085288650962,574.4961159102943,643.3866696442467,670.4205047465748,656.9035871954108,711.2115611148035,669.7512817382812
2019-10-30 00:00:00+05:30,618.7364305214141,629.0424579050052,614.801390447134,618.9237670898438,22879467,0.0,0.0,0.01529218951325495,1.2143518565920852,679.238427734375,791.3476398383314,567.1292156304187,642.4023401478561,670.4205047465748,656.4114224472155,711.2115611148035,669.9854736328125
2019-10-31 00:00:00+05:30,626.2318431655198,651.5752948328732,624.0769003701929,642.3466796875,27405901,0.0,0.0,0.037844584168725603,1.2603084976393326,674.4721069335938,784.2964721199849,564.6477417472026,642.4023401478561,665.2930170824397,653.847678615148,711.2115611148035,671.9998779296875
2019-11-01 00:00:00+05:30,646.4690786273683,650.2167254599907,639.5359091131958,644.5015869140625,9713519,0.0,0.0,0.0033547417534887103,1.2645365071786399,670.3674835205078,778.1894994873919,562.5454675536237,613.9348096276489,665.2930170824397,639.6139133550444,711.2115611148035,669.47021484375
2019-11-04 00:00:00+05:30,638.7863764319521,686.2878103753911,635.3666830868874,664.2703857421875,29381982,0.0,0.0,0.030673002564322482,1.3033236387060096,667.6152587890625,773.0574590949111,562.1730584832139,631.2910673989079,665.2930170824397,648.2920422406738,711.2115611148035,675.5601196289062
2019-11-05 00:00:00+05:30,664.0360977016725,664.0360977016725,647.8743725724254,652.1841430664062,12897805,0.0,0.0,-0.01819476366130235,1.2796099731255652,663.8993408203125,765.9249848914114,561.8736967492137,639.2079819693199,665.2930170824397,652.2504995258798,711.2115611148035,657.8056030273438
2019-11-06 00:00:00+05:30,651.9031397954935,675.9817815667999,648.3428868249833,667.3621826171875,21372589,0.0,0.0,0.023272628922589078,1.3093898611957606,661.1208709716797,759.4867593491937,562.7549825941657,641.0817955381281,665.2930170824397,653.1874063102839,712.6307748560038,666.4252319335938
2019-11-07 00:00:00+05:30,671.76564075728,678.6519183849476,667.1747508824698,674.6700439453125,13733737,0.0,0.0,0.010950367759026802,1.3237281617157952,658.9779022216796,754.1148771894876,563.8409272538717,645.5555567353547,665.2930170824397,655.4242869088972,717.2089475132092,668.9549560546875
2019-11-08 00:00:00+05:30,676.4502023300491,678.5582535145958,660.9911603100411,663.4739990234375,8585630,0.0,0.0,-0.01659484517261678,1.301761097821489,656.302603149414,747.6589099822858,564.9462963165423,646.2348416572905,665.2930170824397,655.7639293698651,727.4181661784547,683.6644287109375
2019-11-11 00:00:00+05:30,654.8075573533955,662.5839124012199,653.9643140173764,659.9605712890625,6951494,0.0,0.0,-0.005295501767283106,1.294867619627395,651.9980773925781,733.5159238995399,570.4802308856164,650.5446004112625,665.2930170824397,657.9188087468511,727.4181661784547,686.240966796875
2019-11-13 00:00:00+05:30,652.558881911116,655.8380722724785,644.3609060077101,647.7337646484375,9973690,0.0,0.0,-0.018526571393110758,1.2708781622277405,648.3961334228516,723.6798393111727,573.1124275345304,655.182355372792,665.2930170824397,660.2376862276159,727.4181661784547,684.7418212890625
2019-11-14 00:00:00+05:30,652.418401310572,665.0198743763754,652.418401310572,660.8037719726562,10539902,0.0,0.0,0.020178054684724778,1.2965220112827944,646.26259765625,717.4453838896661,575.0798114228339,660.8272467311392,665.2930170824397,663.0601319067895,727.4181661784547,685.3976440429688
2019-11-15 00:00:00+05:30,664.3171871015417,667.9711653724415,657.9930335296715,659.4921264648438,7362623,0.0,0.0,-0.001984924365514673,1.293948513152173,643.9192687988282,709.8734601889099,577.9650774087464,660.8272467311392,665.2930170824397,663.0601319067895,727.4181661784547,689.5670166015625
2019-11-18 00:00:00+05:30,660.5227502655575,665.2073087780792,655.1823421243723,660.7101440429688,7490916,0.0,0.0,0.001846902380251425,1.2963383097410366,641.7261138916016,702.0889604614871,581.3632673217161,661.5064121963289,665.2930170824397,663.3997146393843,727.4181661784547,687.1309814453125
2019-11-19 00:00:00+05:30,665.1135978088284,668.9549126688216,660.5227078872819,667.87744140625,6495885,0.0,0.0,0.010847869414299716,1.3104008184418614,639.9668670654297,694.8191150955646,585.1146190352948,661.5064121963289,665.2930170824397,663.3997146393843,727.4181661784547,682.9617309570312
2019-11-20 00:00:00+05:30,667.8306116044866,669.8918286680673,660.5227121831992,668.0180053710938,6142171,0.0,0.0,0.00021046371104826989,1.3106766102610714,643.5950561523438,695.691317981979,591.4987943227086,661.5064121963289,653.0236506468318,657.2650314215804,727.4181661784547,690.4570922851562
2019-11-21 00:00:00+05:30,670.3602483611002,675.9348838060437,665.6756903711554,668.252197265625,9692973,0.0,0.0,0.00035057721894959926,1.311136103622039,646.529931640625,697.2036824461627,595.8561808350873,661.459579761153,643.3866817245842,652.4231307428686,727.4181661784547,686.6625366210938
2019-11-22 00:00:00+05:30,666.8468626459832,667.0810905569933,641.8781444584786,649.4671630859375,14415826,0.0,0.0,-0.028110695717204814,1.2742791555692783,649.2399505615234,694.056679345927,604.4232217771198,658.9065141322611,643.3866696442467,651.1465918882539,727.4181661784547,685.02294921875
2019-11-25 00:00:00+05:30,649.6075925539758,660.6631944594633,649.4670901338809,654.0579223632812,7334511,0.0,0.0,0.007068500977833514,1.2832863990264527,652.0811309814453,689.9460355582138,614.2162264046768,658.9065141322611,642.4023401478561,650.6544271400586,727.4181661784547,690.3633422851562
2019-11-26 00:00:00+05:30,660.5226778402426,662.6307289397328,642.7213574445482,647.0311279296875,27253106,0.0,0.0,-0.010743382494633025,1.2694995623915513,654.0369323730469,686.1155962457835,621.9582685003102,658.9065141322611,642.4023401478561,650.6544271400586,727.4181661784547,688.3489990234375
2019-11-27 00:00:00+05:30,650.450894771443,653.6364171659287,646.5626886591631,651.8562622070312,3861635,0.0,0.0,0.007457344892791706,1.2789666584695532,656.1496643066406,680.9030419349237,631.3962866783575,658.9065141322611,631.2910673989079,645.0987907655845,727.4181661784547,698.93603515625
2019-11-28 00:00:00+05:30,654.9948433288715,658.9767174260842,650.263451426739,657.5713500976562,4837683,0.0,0.0,0.008767405058402122,1.2901798772205468,658.0820434570312,675.9104172163111,640.2536696977513,658.9065141322611,631.2910673989079,645.0987907655845,683.0885554760409,692.2371826171875
2019-11-29 00:00:00+05:30,656.6813896949898,657.9930316769554,647.9212315723363,652.4183959960938,4262379,0.0,0.0,-0.007836342171533506,1.2800695862398195,658.5856292724609,675.1158613144352,642.0553972304866,658.9065141322611,639.2079819693199,649.0572480507906,675.914300292688,681.97802734375
2019-12-02 00:00:00+05:30,658.7425652141304,659.5858085818759,646.7501074040971,648.9987182617188,9383736,0.0,0.0,-0.005241540942685918,1.2733600490940564,658.8104858398438,674.6698920597192,642.9510796199683,658.9065141322611,641.0817955381281,649.9941548351946,675.914300292688,672.889892578125
2019-12-03 00:00:00+05:30,648.9986592068423,655.557040229492,645.1104532981678,654.2921752929688,5239013,0.0,0.0,0.008156344353696054,1.283746012140707,658.3115753173828,674.079091698136,642.5440589366295,658.9065141322611,645.5555567353547,652.2310354338078,675.914300292688,681.6499633789062
2019-12-04 00:00:00+05:30,653.0273812236101,665.6756877465924,649.607631030615,664.1297607421875,7427886,0.0,0.0,0.01503546247487031,1.303047727133513,658.9088562011718,674.6067877925138,643.2109246098298,654.479617507736,646.2348416572905,650.3572295825132,675.914300292688,691.5813598632812
2019-12-05 00:00:00+05:30,661.88125805259,670.7350847354738,659.3984192632325,669.7512817382812,4814422,0.0,0.0,0.00846449192370402,1.3140773640960355,659.0283111572265,675.0185638074136,643.0380585070395,656.728221090011,650.5446004112625,653.6364107506367,675.914300292688,724.7479858398438
2019-12-06 00:00:00+05:30,670.7818828170277,674.5763634243805,664.8324597455429,669.9854736328125,5226096,0.0,0.0,0.0003496699460185937,1.314536857457003,658.7940826416016,673.9688191579762,643.6193461252269,658.6488604344643,655.182355372792,656.9156079036281,675.914300292688,726.7155151367188
2019-12-09 00:00:00+05:30,670.828738372473,676.7781044493032,669.1891429923727,671.9998779296875,6435865,0.0,0.0,0.0030066387647964543,1.318489194930387,659.2203765869141,675.3563588261344,643.0843943476938,660.9442788737356,660.8272467311392,660.8857628024374,675.914300292688,719.1265258789062
2019-12-10 00:00:00+05:30,668.0180132084676,673.1710273356016,665.2072782300309,669.47021484375,4457939,0.0,0.0,-0.0037643802759770306,1.313525900210902,659.6958587646484,676.4465833311151,642.9451341981817,660.9442788737356,660.8272467311392,660.8857628024374,675.914300292688,718.6112060546875
2019-12-11 00:00:00+05:30,671.3908514369272,677.1060466928072,668.0179924414765,675.5601196289062,6043554,0.0,0.0,0.009096603030468886,1.32547452389536,661.0871765136719,678.2543924285318,643.919960598812,661.1082499954875,660.265031421713,660.6866407086003,675.914300292688,719.4075317382812
2019-12-12 00:00:00+05:30,673.170975943576,675.2321928739797,655.4164899149749,657.8056030273438,11112042,0.0,0.0,-0.026281179255097653,1.2906394903348009,660.9372680664062,678.1646738868826,643.7098622459298,661.1082499954875,660.265031421713,660.6866407086003,675.914300292688,719.9697265625
2019-12-13 00:00:00+05:30,656.1660381335365,667.9243248544628,656.1660381335365,666.4252319335938,10302412,0.0,0.0,0.013103611259285275,1.3075515284920303,661.2839233398438,678.661057789706,643.9067888899816,661.1082499954875,660.265031421713,660.6866407086003,675.914300292688,714.3951416015625
2019-12-16 00:00:00+05:30,667.3621947224087,674.7638200511764,665.3947030195982,668.9549560546875,5616324,0.0,0.0,0.003795960896849415,1.3125149429648018,661.6961639404296,679.3910449231,644.0012829577593,663.3568388617111,660.2181989865371,661.7875189241241,675.914300292688,721.609375
2019-12-17 00:00:00+05:30,674.2953123991103,685.1166303023612,669.891816295642,683.6644287109375,10525565,0.0,0.0,0.021988734104015695,1.341375485053202,662.4855133056641,682.4965484324873,642.4744781788409,670.266560108668,663.4973873804199,666.881973744544,675.914300292688,734.8666381835938
2019-12-18 00:00:00+05:30,684.8824334331823,690.7849655402244,677.1529121256259,686.240966796875,12215295,0.0,0.0,0.003768717484388562,1.3464307502968522,663.3966613769531,685.8687681142617,640.9245546396446,673.1007277275996,666.3315549993515,669.7161413634756,675.914300292688,733.36767578125
2019-12-19 00:00:00+05:30,687.2246599076051,689.5201047688819,678.8861237779207,684.7418212890625,7199210,0.0,0.0,-0.0021845759439428347,1.343489370069569,664.221142578125,688.5028352999531,639.9394498562968,673.1007277275996,666.3315549993515,669.7161413634756,675.914300292688,729.0109252929688
2019-12-20 00:00:00+05:30,684.8823541190492,688.6300003796185,682.3058473149077,685.3976440429688,7794167,0.0,0.0,0.0009577664654272233,1.3447761191348795,666.0176666259765,690.9817886695897,641.0535445823633,673.1007277275996,666.3315549993515,669.7161413634756,675.914300292688,728.9172973632812
2019-12-23 00:00:00+05:30,685.959929402128,690.7849903841928,685.4914735484584,689.5670166015625,4975608,0.0,0.0,0.006083143989231932,1.3529565859008574,667.7931213378906,694.1307128218555,641.4555298539258,673.1007401495839,666.3315674213356,669.7161537854597,675.914300292688,739.8790893554688
2019-12-24 00:00:00+05:30,690.4570061454757,690.4570061454757,682.3526980362562,687.1309814453125,2890759,0.0,0.0,-0.0035327025475430096,1.3481769927231304,669.7981140136719,695.6024967105152,643.9937313168286,673.1007401495839,666.3315674213356,669.7161537854597,675.914300292688,731.4468994140625
2019-12-26 00:00:00+05:30,685.8192999365242,688.2084131100495,680.7131202145683,682.9617309570312,3821806,0.0,0.0,-0.006067621168109216,1.3399967654637257,671.3533874511719,696.3740484411785,646.3327264611653,673.4755142588647,666.3315674213356,669.9035408401002,675.914300292688,726.99658203125
2019-12-27 00:00:00+05:30,683.711316573726,690.9723822858828,682.8680731655901,690.4570922851562,3399094,0.0,0.0,0.010974789638098503,1.3547029480804225,672.9976745605469,698.5022806817534,647.4930684393404,678.1835426527405,666.4252633721807,672.3044030124606,675.914300292688,718.9860229492188
2019-12-30 00:00:00+05:30,689.6606080026577,691.3939287787045,681.36896319103,686.6625366210938,5368416,0.0,0.0,-0.005495715383998623,1.3472578862479085,674.7098815917968,699.015351680204,650.4044115033896,680.6428725371733,666.6360366185916,673.6394545778824,675.914300292688,738.1458129882812
2019-12-31 00:00:00+05:30,683.6644159419991,691.2065429952446,679.6825415838429,685.02294921875,6927885,0.0,0.0,-0.00238776300569965,1.3440409537079887,676.5110931396484,698.0861002751931,654.9360860041038,684.2734204521653,667.0576431116264,675.6655317818959,675.914300292688,735.0540161132812
2020-01-01 00:00:00+05:30,688.6300785666657,693.314636924262,686.3346335345334,690.3633422851562,2112415,0.0,0.0,0.007795933074208339,1.3545190070320914,678.3146514892578,698.0961410320268,658.5331619464888,686.1003803510914,668.0179971844051,677.0591887677483,675.914300292688,722.686767578125
2020-01-02 00:00:00+05:30,692.2840393808092,694.0641372007651,684.7887461989769,688.3489990234375,5658200,0.0,0.0,-0.002917801595680225,1.350566789311994,679.5256134033203,698.6319659566384,660.4192608500023,686.8733393923039,669.5872952494665,678.2303173208852,672.8469634501973,728.2614135742188
2020-01-03 00:00:00+05:30,687.5994279692225,700.809858306803,687.5994279692225,698.93603515625,7882938,0.0,0.0,0.015380331994137242,1.3713389549118684,680.9848510742188,701.314708105938,660.6549940424995,690.2461999453229,672.9601558024854,681.6031778739041,671.7710748394477,724.4200439453125
2020-01-06 00:00:00+05:30,699.0297924024075,706.2440238870688,690.0354630089024,692.2371826171875,6519403,0.0,0.0,-0.009584357082926709,1.3581955526862655,682.0974365234375,702.3319504236395,661.8629226232356,692.9632827354558,675.6772385926183,684.320260664037,671.7710748394477,724.7479858398438
2020-01-07 00:00:00+05:30,691.4408123352223,695.7505831426245,679.3546289205832,681.97802734375,7899363,0.0,0.0,-0.01482028924631007,1.338066701742403,682.5963439941406,702.2894017382414,662.9032862500399,692.799326403826,675.6772385926183,684.2382824982221,671.7710748394477,731.7747802734375
2020-01-08 00:00:00+05:30,679.2140455963695,683.0085259704075,663.614445277549,672.889892578125,8639443,0.0,0.0,-0.013326140141233789,1.3202354373566654,682.7673278808594,702.0523306918178,663.482325069901,684.9292345823089,675.6772385926183,680.3032365874636,671.7710748394477,742.2682495117188
2020-01-09 00:00:00+05:30,676.1690538732676,685.3507753113439,669.23588576732,681.6499633789062,13521186,0.0,0.0,0.013018579855937018,1.337423027826531,683.0718200683593,702.0793539927474,664.0642861439712,684.9292345823089,677.9258274588419,681.4275310205754,670.420507745458,736.8341674804688
2020-01-10 00:00:00+05:30,693.736245229292,696.0316902171388,684.4139628406174,691.5813598632812,9341405,0.0,0.0,0.014569642804857619,1.356908803620955,684.7606079101563,700.10076352147,669.4204522988426,684.9292345823089,680.8302569010218,682.8797457416654,670.4205047465748,739.6448974609375
2020-01-13 00:00:00+05:30,712.0528445870759,728.448798245331,707.3682863990031,724.7479858398438,36952038,0.0,0.0,0.047957663264838635,1.4219829791061036,687.6767456054688,709.0369495299245,666.3165416810131,696.03162176144,691.932644080153,693.9821329207964,670.4205047465748,747.3275756835938
2020-01-14 00:00:00+05:30,721.375107508359,727.933488796105,718.7986005738873,726.7155151367188,11414418,0.0,0.0,0.0027147771850584146,1.4258433460553221,690.5647735595703,716.2514173782845,664.8781297408561,696.03162176144,691.932644080153,693.9821329207964,670.4205047465748,749.9508666992188
2020-01-15 00:00:00+05:30,725.0290578399375,725.0290578399375,714.0672372771148,719.1265258789062,6047430,0.0,0.0,-0.010442861201862108,1.4109534618968678,692.3378784179688,720.66461576331,664.0111410726275,696.03162176144,691.932644080153,693.9821329207964,665.2930170824397,746.7185668945312
2020-01-16 00:00:00+05:30,722.0777904543118,723.7642199181826,712.2870526767616,718.6112060546875,5740586,0.0,0.0,-0.0007165913169298044,1.4099423848974804,693.9563903808594,724.3515228272428,663.561257934476,696.03162176144,691.932644080153,693.9821329207964,665.2930170824397,745.64111328125
2020-01-17 00:00:00+05:30,722.0777640442473,724.1389809511655,714.1608497793483,719.4075317382812,3762957,0.0,0.0,0.001108145373860392,1.411504806028714,695.6896759033203,727.7133892847694,663.6659625218713,696.03162176144,691.932644080153,693.9821329207964,665.2930170824397,748.0302734375
2020-01-20 00:00:00+05:30,722.9209637758088,725.5443619892552,714.8167127903733,719.9697265625,3887680,0.0,0.0,0.0007814691943248686,1.412607853552267,697.4182800292969,730.7531400134748,664.0834200451189,696.03162176144,692.3074181894337,694.1695199754369,665.2930170824397,733.36767578125
2020-01-21 00:00:00+05:30,719.9697774221173,721.8904348904969,712.7555461946081,714.3951416015625,4448374,0.0,0.0,-0.007742804669792713,1.4016703068671967,698.6596862792969,732.5830030299037,664.7363695286901,698.8423420063255,696.03162176144,697.4369818838827,665.2930170824397,728.7766723632812
2020-01-22 00:00:00+05:30,719.9697795881129,728.9172745417866,717.674334574561,721.609375,9733935,0.0,0.0,0.010098379703793015,1.4158249058454737,700.3836059570312,735.2890680719784,665.4781438420841,706.665618691202,696.2658599096678,701.465739300435,665.2930170824397,685.5382690429688
2020-01-23 00:00:00+05:30,728.0740286436355,735.9441094672002,727.6992982900917,734.8666381835938,12528017,0.0,0.0,0.018371800094190593,1.441836157984043,702.9788513183594,739.9951398736229,665.9625627630959,721.6561979331016,699.7792773723745,710.717737652738,665.2930170824397,694.29833984375
2020-01-24 00:00:00+05:30,726.8092935002295,736.881094860368,724.7949103543797,733.36767578125,7540490,0.0,0.0,-0.002039774735248301,1.4388951370166196,705.124380493164,743.9394128983782,666.3093480879498,724.5840737685648,700.2477700689585,712.4159219187617,665.2930170824397,699.8729858398438
2020-01-27 00:00:00+05:30,729.9010027892004,735.288244727202,725.5443979674586,729.0109252929688,3741610,0.0,0.0,-0.005940745184385254,1.4303470276605528,707.2417999267578,746.4199188510713,668.0636810024444,724.5840737685648,700.2477700689585,712.4159219187617,665.2930170824397,710.8817138671875
2020-01-28 00:00:00+05:30,731.7280324430882,732.4775503607931,723.2958272036673,728.9172973632812,5121009,0.0,0.0,-0.0001284314492953076,1.4301633261187952,709.4365173339844,748.3032729641852,670.5697617037836,724.5840737685648,700.2477700689585,712.4159219187617,665.2930170824397,706.9935302734375
2020-01-29 00:00:00+05:30,736.9746291342093,742.7834923921833,734.7729097855267,739.8790893554688,6832757,0.0,0.0,0.015038457767211355,1.4516707768988473,711.9123046875,751.9080997763258,671.9165095986741,727.7695192933957,703.1989688348662,715.484244064131,665.2930170824397,692.3308715820312
2020-01-30 00:00:00+05:30,739.8791038354719,739.8791038354719,728.9172266507304,731.4468994140625,3859680,0.0,0.0,-0.011396713412662907,1.4351265010849934,714.0671997070312,753.383609034219,674.7507903798435,727.7695192933957,703.1989688348662,715.484244064131,665.2930170824397,660.0073852539062
2020-01-31 00:00:00+05:30,731.306352603831,735.4287866002932,722.9209821788176,726.99658203125,6092028,0.0,0.0,-0.006084265838542047,1.4263948099404555,715.4702270507812,754.5256746237457,676.4147794778168,727.7695192933957,703.1989688348662,715.484244064131,665.2930170824397,642.721435546875
2020-02-03 00:00:00+05:30,732.6649101628383,741.0502808656782,716.2689562909078,718.9860229492188,6416745,0.0,0.0,-0.011018702535917746,1.4106777898309448,716.8076690673828,754.3770340798571,679.2383040549084,729.5262243415456,703.1989688348662,716.3625965882059,653.0236506468318,591.3786010742188
2020-02-04 00:00:00+05:30,721.5156313717904,740.0665275986695,721.5156313717904,738.1458129882812,5771311,0.0,0.0,0.026648348406650202,1.4482700230638832,719.6160583496094,754.6352951913697,684.5968215078491,729.5262243415456,703.1989688348662,716.3625965882059,643.3866817245842,601.8251953125
2020-02-05 00:00:00+05:30,731.7279912264345,736.4125494289084,725.5443972729881,735.0540161132812,6310409,0.0,0.0,-0.004188599082454059,1.442203800574132,722.7242645263672,750.9026388232076,694.5458902295268,729.5262243415456,703.1989688348662,716.3625965882059,643.3866696442467,546.3600463867188
2020-02-06 00:00:00+05:30,734.8666188465185,737.1620637917023,721.4219597433034,722.686767578125,7341622,0.0,0.0,-0.0168249519954331,1.417938790861841,724.7761047363281,745.6539162455692,703.8982932270869,729.5262243415456,703.1989688348662,716.3625965882059,642.4023401478561,519.9390258789062
2020-02-07 00:00:00+05:30,726.9966057214655,729.7136151937443,722.3588816204556,728.2614135742188,2853344,0.0,0.0,0.007713778978928332,1.4288764573001982,726.610107421875,740.8209045199284,712.3993103238216,729.5262243415456,703.1989688348662,716.3625965882059,642.4023401478561,500.5918884277344
2020-02-10 00:00:00+05:30,725.1695617712162,728.9172080852793,721.1876875625242,724.4200439453125,3827682,0.0,0.0,-0.0052747125651670945,1.4213395446968053,726.5937103271484,740.8139196339508,712.373501020346,729.5262243415456,703.1989688348662,716.3625965882059,638.5520913646137,511.1321716308594
2020-02-11 00:00:00+05:30,729.8541657017528,729.947833991695,720.6724430900397,724.7479858398438,4312817,0.0,0.0,0.00045269577681095186,1.421982979106104,726.4953338623047,740.7382624976108,712.2524052269987,728.659618578293,703.1989688348662,715.9292937065795,641.2691741547467,548.2807006835938
2020-02-12 00:00:00+05:30,726.8559944639768,733.8359971924062,726.2001449191397,731.7747802734375,2948825,0.0,0.0,0.009695500464828477,1.4357698157410055,727.1277465820312,741.1241926748863,713.1313004891762,728.659618578293,703.1989688348662,715.9292937065795,649.1860887251587,493.2371215820313
2020-02-13 00:00:00+05:30,735.4756400968118,743.9078448877308,732.8522989321024,742.2682495117188,4387430,0.0,0.0,0.014339752504671122,1.4563583995524088,728.3105987548828,743.2077947925933,713.4134027171723,730.0884005893192,706.5718653275254,718.3301329584224,651.0599022939668,552.5905151367188
2020-02-14 00:00:00+05:30,744.3762947124519,748.7797908380318,735.1008466433485,736.8341674804688,5321680,0.0,0.0,-0.007320914015687241,1.4456965249332616,729.1819305419922,743.9304617276525,714.4333993563318,734.7261169640358,716.5968768393245,725.6614969016802,655.5336634911936,567.955810546875
2020-02-17 00:00:00+05:30,740.4412494723175,743.3925439795214,733.8828680647956,739.6448974609375,2929629,0.0,0.0,0.003814603209945755,1.4512112835378794,730.1656890869141,744.9501858872829,715.3811922865452,734.7261169640358,728.0740386185174,731.4000777912765,656.2129484131294,602.4341430664062
2020-02-18 00:00:00+05:30,735.4756208307821,748.6392176393153,734.2108130190957,747.3275756835938,5083346,0.0,0.0,0.010386981981528542,1.4662849889913783,731.8123107910156,746.5392087377717,717.0854128442596,734.7261169640358,730.5334217573967,732.6297693607162,671.6250943462326,611.5222778320312
2020-02-19 00:00:00+05:30,749.5292450619627,754.0732432363336,745.9221584439193,749.9508666992188,3985192,0.0,0.0,0.003510229116362229,1.4714319852526208,733.2293853759766,749.1741362029504,717.2846345490027,737.3728431631866,733.1801479565477,735.2764955598672,676.2628493077619,587.1625366210938
2020-02-20 00:00:00+05:30,752.5742645646577,755.2444398284164,743.7672723949685,746.7185668945312,4564569,0.0,0.0,-0.004310015426629121,1.4650900906969464,733.8219818115234,750.8238354361329,716.820128186914,737.958441459228,733.765746252589,735.8620938559085,681.9077406661092,601.02880859375
2020-02-24 00:00:00+05:30,749.6229877910936,760.3974717589057,742.1745859262016,745.64111328125,6627536,0.0,0.0,-0.0014429179359529698,1.462976085927293,734.4356536865234,752.2048027347313,716.6665046383156,740.5349574244726,736.5765089767569,738.5557332006148,681.9077406661092,564.7703247070312
2020-02-25 00:00:00+05:30,748.5923975455673,755.1507790009102,745.2195385280673,748.0302734375,6996695,0.0,0.0,0.0032041690213893137,1.4676637085808546,735.38662109375,753.9204581630452,716.8527840244549,743.2988083390227,736.5765089767569,739.9376586578899,685.1634713519047,548.7492065429688
2020-02-26 00:00:00+05:30,743.8610988677937,750.8879370260299,731.259624333779,733.36767578125,8760569,0.0,0.0,-0.019601609957401123,1.4388951370166199,735.6091400146485,753.9303020454771,717.2879779838198,745.8285480463423,736.5765089767569,741.2025285115496,685.1634713519047,598.6865234375
2020-02-27 00:00:00+05:30,728.9172319784839,731.4937389038578,723.4831560818775,728.7766723632812,5223386,0.0,0.0,-0.006260166038921766,1.4298874145462988,735.0540191650391,753.4977489292822,716.610289400796,741.9403139203916,738.3332140249067,740.1367639726492,685.1634713519047,591.7533569335938
2020-02-28 00:00:00+05:30,702.6837408836192,709.0547286973875,676.4970487031131,685.5382690429688,14123957,0.0,0.0,-0.05933011436836855,1.3450520307073761,732.7585876464843,761.2535651183529,704.2636101746158,718.4472602310094,718.4472602310094,718.4472602310094,685.3977095001326,596.1100463867188
2020-03-02 00:00:00+05:30,690.5038592454571,717.5806277531885,687.4588965011588,694.29833984375,9821523,0.0,0.0,0.012778383346870648,1.3622396211772418,731.1236755371094,764.1920727100245,698.0552783641944,718.4472602310094,718.4472602310094,718.4472602310094,688.9111269628394,597.1875
2020-03-03 00:00:00+05:30,707.3682788608862,711.1159253714075,694.4857439809695,699.8729858398438,7826587,0.0,0.0,0.008029179498467931,1.373177287615599,730.1680236816406,765.6292434945025,694.7068038687788,718.4472602310094,718.4472602310094,718.4472602310094,689.3796196594233,598.7333984375
2020-03-04 00:00:00+05:30,706.3377152421525,713.4582209026204,698.5144686601994,710.8817138671875,11013444,0.0,0.0,0.015729608443356913,1.3947768286731033,728.804818725586,765.0308011188263,692.5788363323456,718.4472602310094,718.4472602310094,718.4472602310094,689.3796196594233,584.4923095703125
2020-03-05 00:00:00+05:30,715.5662950122158,724.7480180317636,704.3233548614511,706.9935302734375,7755293,0.0,0.0,-0.005469522591315945,1.3871480652988317,727.4017944335938,764.7200709120223,690.0835179551652,718.4472602310094,718.4472602310094,718.4472602310094,689.3796196594233,589.0831909179688
2020-03-06 00:00:00+05:30,694.2515290175722,697.062263952866,683.1022575670873,692.3308715820312,9216022,0.0,0.0,-0.020739452432804173,1.3583793739813104,725.883999633789,766.2266571866685,685.5413420809095,715.8239138520116,718.4472602310094,717.1355870415105,692.330818425331,612.0844116210938
2020-03-09 00:00:00+05:30,678.7924513172184,680.0572590980285,653.0273824266407,660.0073852539062,10308654,0.0,0.0,-0.046687917085458386,1.294959470398274,722.4712982177734,772.0367951890657,672.9058012464811,701.9576597263354,706.7124270927732,704.3350434095543,692.330818425331,593.25244140625
2020-03-11 00:00:00+05:30,647.0780978890532,652.0437185343561,626.8407705640176,642.721435546875,16165009,0.0,0.0,-0.026190539823098047,1.26104378281951,718.3863677978516,779.0034164552495,657.7693191404536,679.1672547339376,693.6191211614616,686.3931879476996,692.330818425331,601.3566284179688
2020-03-12 00:00:00+05:30,625.8569358012088,627.7307589622902,587.9120167893092,591.3786010742188,13965574,0.0,0.0,-0.07988349482847101,1.1603071983161721,711.7178985595704,793.8637180846544,629.5720790344864,656.3300174105364,674.1547442741074,665.2423808423218,692.330818425331,636.4440307617188
2020-03-13 00:00:00+05:30,554.6517150561247,624.9200911189782,534.0396580776876,601.8251953125,16903113,0.0,0.0,0.01766481610816717,1.1808038116034099,705.2204193115234,799.7593202389749,610.681518384072,629.3938380547256,647.2185649182966,638.3062014865111,692.330818425331,616.4878540039062
2020-03-16 00:00:00+05:30,582.7590407699964,582.8996003899822,543.4087518434051,546.3600463867188,19140152,0.0,0.0,-0.09216156013039756,1.0719790901181196,695.4250091552734,811.0739044602834,579.7761138502634,629.3938380547256,647.2185649182966,638.3062014865111,692.7524249183657,622.6714477539062
2020-03-17 00:00:00+05:30,550.9976064501593,554.6515840159714,515.3013027175409,519.9390258789062,16059887,0.0,0.0,-0.04835825877559041,1.0201400478761657,684.5802520751953,821.6162895122036,547.544214638187,620.0246603746523,637.8493872382232,628.9370238064378,692.7524249183657,619.0175170898438
2020-03-18 00:00:00+05:30,532.1658228020175,541.5349394006446,494.6893564075092,500.5918884277344,15390183,0.0,0.0,-0.03721039677386673,0.9821802319297822,672.6276016235352,828.9367676732494,516.3184355738209,609.7186872196364,627.5434140832074,618.6310506514219,693.9469728451757,633.8675537109375
2020-03-19 00:00:00+05:30,477.12228801624383,522.7967338499049,477.12228801624383,511.1321716308594,16583991,0.0,0.0,0.021055641225490307,1.0028606665120645,660.8178314208984,828.1904355951458,493.44522724665103,587.0922759845549,618.7598798875747,602.9260779360648,693.9469728451757,670.3602294921875
2020-03-20 00:00:00+05:30,514.8329438500563,578.4961009368501,513.4275763964165,548.2807006835938,21354894,0.0,0.0,0.07267890990740278,1.0757474865431726,650.7343231201172,819.7217290364123,481.74691720382214,578.5897735571361,618.7598798875747,598.6748267223554,693.9469728451757,631.1973876953125
2020-03-23 00:00:00+05:30,505.9322622820133,525.560571672271,483.3527156725047,493.2371215820313,17146150,0.0,0.0,-0.10039306332127751,0.9677499010089388,638.0602508544922,814.298154707977,461.8223470010074,564.5830032752999,618.7598798875747,591.6714415814373,693.9469728451757,631.1973876953125
2020-03-24 00:00:00+05:30,489.06791263383263,563.2244973562512,489.06791263383263,552.5905151367188,20027097,0.0,0.0,0.12033440095569992,1.0842035056217874,628.4077209472656,801.0923303823876,455.72311151214365,552.4265234892671,618.7598798875747,585.5932016884209,694.5091490929493,623.8894653320312
2020-03-25 00:00:00+05:30,559.3362125843777,594.9388525813733,530.0108916027087,567.955810546875,18339548,0.0,0.0,0.027805934031196022,1.1143507967754982,619.4039978027344,784.7454714393725,454.06252416609624,551.021189567611,618.7598798875747,584.8905347275929,699.1937109343235,622.9993286132812
2020-03-26 00:00:00+05:30,576.2006189515394,609.7888760605065,573.4835525086819,602.4341430664062,14843813,0.0,0.0,0.06070601247363361,1.181998590144555,612.8573211669922,769.6907860003457,456.02385633363855,543.4555820383752,618.7598798875747,581.107730962975,702.0981403765034,631.6658325195312
2020-03-27 00:00:00+05:30,623.093114449523,632.3217290023133,601.731539133241,611.5222778320312,13495283,0.0,0.0,0.01508569006292726,1.1998298545302928,606.9946014404297,754.4436611877537,459.54554169310575,554.7220085092786,618.7598798875747,586.7409441984266,702.0981403765034,639.8169555664062
2020-03-30 00:00:00+05:30,585.6634436853532,621.6408735594481,581.9157971228245,587.1625366210938,14624804,0.0,0.0,-0.03983459326665528,1.1520351202858885,602.075814819336,745.1687306812315,458.9828989574404,554.7220085092786,618.7598798875747,586.7409441984266,704.7448665756542,644.2672729492188
2020-03-31 00:00:00+05:30,608.9925574215705,620.2354969431995,593.7209093416006,601.02880859375,15175521,0.0,0.0,0.02361573007101514,1.1792412707188895,597.4123382568359,734.044104477429,460.7805720362429,554.7220085092786,618.7598798875747,586.7409441984266,705.3304648716957,650.357177734375
2020-04-01 00:00:00+05:30,594.3298754886706,597.2811700261486,556.525513718482,564.7703247070312,13083824,0.0,0.0,-0.060327364293159436,1.1081007529907028,590.6572052001953,719.4070587688325,461.90735163155813,557.837222337409,616.136533508577,586.986877922993,707.9069808369403,616.6284790039062
2020-04-03 00:00:00+05:30,565.4262237433943,567.768503046391,545.4231813696241,548.7492065429688,10221655,0.0,0.0,-0.02836749287840734,1.0766667127716811,582.5505798339843,699.7830239935614,465.3181356744072,557.837222337409,614.0051125211369,585.9211674292729,707.9069808369403,611.1474609375
2020-04-07 00:00:00+05:30,576.2006446229459,603.6053094281837,574.2331531004912,598.6865234375,15145605,0.0,0.0,0.09100207581005582,1.1746456185894933,577.1352294921875,679.830826494898,474.43963248947694,560.6948208180729,604.3080134600508,582.5014171390619,708.2817549462211,622.015625
2020-04-08 00:00:00+05:30,590.2543212138537,614.2861271656651,586.8345709234783,591.7533569335938,11806896,0.0,0.0,-0.011580628981086472,1.1610424834963495,572.1063537597656,660.4480996863618,483.7646078331694,581.166310302511,600.9351530240037,591.0507316632574,712.0059585182273,626.4190673828125
2020-04-09 00:00:00+05:30,605.9944530077732,611.6159229933454,592.2218401062114,596.1100463867188,11931114,0.0,0.0,0.007362340073068463,1.1695904730991296,568.9114868164063,648.3926163274327,489.4303573053798,588.8724551859686,600.9351530240037,594.9038041049862,712.0059585182273,627.30908203125
2020-04-13 00:00:00+05:30,589.3174193793029,610.5853249655132,586.5535186146207,597.1875,8330276,0.0,0.0,0.0018074743410418925,1.1717044778687833,566.6347900390625,639.8224731648095,493.44710691331557,588.8724551859686,600.9351530240037,594.9038041049862,712.0059585182273,629.7919921875
2020-04-15 00:00:00+05:30,610.3042920111192,612.0843898946792,595.5010417004307,598.7333984375,11963447,0.0,0.0,0.0025886316064887005,1.1747375891136587,567.0025299072265,640.761721507946,493.243338306507,583.5320274645361,600.9351530240037,592.2335902442699,712.0059585182273,648.6707763671875
2020-04-16 00:00:00+05:30,580.8383884485949,594.8452290432184,565.426180379953,584.4923095703125,17783287,0.0,0.0,-0.023785359066910483,1.1467960337471936,566.1358856201172,638.6207170587211,493.65105418151325,582.8293391564118,600.9351530240037,591.8822460902078,712.0059585182273,637.6151733398438
2020-04-17 00:00:00+05:30,603.3710933617049,605.2449166330144,586.506683919918,589.0831909179688,8878320,0.0,0.0,0.007854476906687058,1.1558035167109413,568.2720428466797,640.8185380241707,495.7255476691887,579.8546542676446,587.0922759845549,583.4734651260998,712.0059585182273,660.9443359375
2020-04-20 00:00:00+05:30,599.6234972556601,619.2986432593615,598.6865855411982,612.0844116210938,13322913,0.0,0.0,0.03904579362938909,1.2009327823005589,572.8793121337891,644.2441025466549,501.5145217209233,582.3609123144928,578.5897735571361,580.4753429358145,712.0059585182273,662.771240234375
2020-04-21 00:00:00+05:30,588.1930958510757,605.7133543511983,588.1930958510757,593.25244140625,11660575,0.0,0.0,-0.03076694955352255,1.1639837439703462,577.5123397827149,641.0223380920806,514.0023414733491,592.3624118196573,564.5830032752999,578.4727075474786,706.7124270927732,656.2185668945312
2020-04-22 00:00:00+05:30,593.2523781860833,604.3079225414057,588.4272610470142,601.3566284179688,8266728,0.0,0.0,0.01366060456912499,1.1798844656216148,582.0235626220704,638.3730626935057,525.674062550635,592.3624118196573,554.7220085092786,573.5422101644679,693.6191211614616,664.3381958007812
2020-04-23 00:00:00+05:30,606.2286320263945,640.5196304832571,597.8432618706901,636.4440307617188,14451289,0.0,0.0,0.058347078398481855,1.24872727703839,586.4317291259765,645.2983602992864,527.5650979526666,602.9729054316051,558.8209592497504,580.8969323406777,674.1547442741074,672.4578857421875
2020-04-24 00:00:00+05:30,626.3722602869681,632.4153517517275,613.4897253438774,616.4878540039062,7319940,0.0,0.0,-0.0313557450353148,1.2095725029209312,592.5942657470703,634.2871765976296,550.901354896511,602.9729054316051,558.8209592497504,580.8969323406777,647.2185649182966,666.237548828125
2020-04-27 00:00:00+05:30,619.345422897213,638.0368213925383,619.345422897213,622.6714477539062,7183306,0.0,0.0,0.010030357791867894,1.2217049479004334,596.0983123779297,635.4428419663882,556.7537827894712,602.9729054316051,558.8209592497504,580.8969323406777,647.2185649182966,672.1255493164062
2020-04-28 00:00:00+05:30,630.5415185476386,634.2891650174611,611.8501203424894,619.0175170898438,7296571,0.0,0.0,-0.005868151939908195,1.214535797640416,598.6513977050781,636.9620692053468,560.3407262048095,602.9729054316051,558.8209592497504,580.8969323406777,637.8493872382232,668.136962890625
2020-04-29 00:00:00+05:30,623.9831474221656,638.9737335464218,616.4878543600375,633.8675537109375,8639056,0.0,0.0,0.023989687223889167,1.2436721315480264,600.2230682373047,641.521694053596,558.9244424210134,613.5131572015875,558.8209592497504,586.167058225669,627.5434140832074,684.5660400390625
2020-04-30 00:00:00+05:30,655.8381001321192,674.5763315644655,654.0579452722286,670.3602294921875,16253821,0.0,0.0,0.05757145253390239,1.3152721426371807,603.1649658203125,654.5398554317806,551.7900762088445,631.3847137077705,578.9645236184851,605.1746186631278,618.7598798875747,681.4796752929688
2020-05-04 00:00:00+05:30,646.2816423304143,656.9624579745259,628.0586993687518,631.1973876953125,9122740,0.0,0.0,-0.05842059250224574,1.2384331647626183,605.3667083740235,657.586282876402,553.1471338716449,631.3847137077705,578.9645236184851,605.1746186631278,618.7598798875747,679.8178100585938
2020-05-05 00:00:00+05:30,638.7395150128634,642.3466019781338,627.7308031662905,631.1973876953125,6393053,0.0,0.0,0.0,1.2384331647626183,606.8751373291016,660.2491374228136,553.5011372353895,631.5017963057398,581.822122099149,606.6619592024445,618.7598798875747,668.516845703125
2020-05-06 00:00:00+05:30,634.195493064484,638.458429462362,622.1561445390271,623.8894653320312,7934250,0.0,0.0,-0.011577871686010321,1.2240947444892971,609.8310943603516,659.9662841429762,559.695904577727,636.2097967175778,602.2936115835871,619.2517041505824,618.7598798875747,657.2156982421875
2020-05-07 00:00:00+05:30,623.5614526532265,631.8062626181561,620.657049805941,622.9993286132812,4779548,0.0,0.0,-0.0014267538854438877,1.2223482625564455,613.5436004638672,655.2388606981654,571.848340229569,643.2132259534774,609.9997564670448,626.6064912102611,618.7598798875747,652.9423217773438
2020-05-08 00:00:00+05:30,629.8388434037266,637.9431518787985,626.3254247904666,631.6658325195312,8400321,0.0,0.0,0.013910936189193812,1.2393522712378402,615.1925659179688,657.0168601719777,573.3682716639598,643.2132259534774,609.9997564670448,626.6064912102611,618.7598798875747,665.9051513671875
2020-05-11 00:00:00+05:30,639.4421680519713,654.4795878198008,635.2260658450352,639.8169555664062,7370186,0.0,0.0,0.012904169621400285,1.255345083166561,617.5957458496093,659.2782977069951,575.9131939922236,643.2132259534774,609.9997564670448,626.6064912102611,618.7598798875747,668.23193359375
2020-05-12 00:00:00+05:30,635.6945090906122,647.4059038785748,632.8837743415012,644.2672729492188,7356039,0.0,0.0,0.006955610263364775,1.2640767743110988,620.0036071777344,662.0093670906276,577.9978472648411,645.5320929622515,609.9997564670448,627.7659247146481,618.7598798875747,677.9659423828125
2020-05-13 00:00:00+05:30,650.9661359334227,655.7444191669878,640.6132747041797,650.357177734375,8287101,0.0,0.0,0.009452450932792011,1.2760253979955565,622.6620910644531,665.2876068845679,580.0365752443382,647.6166906852033,609.9997564670448,628.808223576124,618.7598798875747,670.0361938476562
2020-05-14 00:00:00+05:30,617.4248311019156,629.3704556793806,611.4285731460724,616.6284790039062,16888262,0.0,0.0,-0.05186180745781599,1.2098484144934278,623.5568450927734,664.8519741528236,582.2617160327233,634.1955155602991,609.9997564670448,622.097636013672,618.7598798875747,668.279296875
2020-05-15 00:00:00+05:30,622.8588566215107,622.8588566215107,605.900778544883,611.1474609375,9255353,0.0,0.0,-0.008888687845329812,1.1990944495968285,624.8896026611328,662.5816688240307,587.197536498235,630.8225988559354,620.0012559722093,625.4119274140724,618.7598798875747,684.3761596679688
2020-05-18 00:00:00+05:30,618.2210873279612,628.2460527379839,611.8032658358139,622.015625,10435442,0.0,0.0,0.017783210693256057,1.2204181988351228,626.5362243652344,660.4798652670206,592.5925834634481,630.8225988559354,620.0012559722093,625.4119274140724,618.7598798875747,678.203369140625
2020-05-19 00:00:00+05:30,622.1092969344941,632.2279306886882,613.6770926085748,626.4190673828125,5902208,0.0,0.0,0.00707931152503205,1.2290579194554951,627.2529571533203,660.5376075765621,593.9683067300784,630.8225988559354,620.0012559722093,625.4119274140724,618.7598798875747,665.240478515625
2020-05-20 00:00:00+05:30,626.3253363952857,630.5414381361664,618.0336925120362,627.30908203125,5794636,0.0,0.0,0.0014207975056634847,1.2308041618817736,628.9557891845703,658.3225211585859,599.5890572105548,630.8225988559354,620.0012559722093,625.4119274140724,618.7598798875747,710.5394897460938
2020-05-21 00:00:00+05:30,624.4515846031965,636.5846013223434,623.4210047117284,629.7919921875,7213225,0.0,0.0,0.003958033172754671,1.2356757255836661,630.3775573730469,656.8419036067799,603.913211139314,630.8225988559354,620.0012559722093,625.4119274140724,618.7598798875747,694.91748046875
2020-05-22 00:00:00+05:30,632.4153816533259,651.9499672350196,631.0100141385408,648.6707763671875,11867731,0.0,0.0,0.029976221377655987,1.2727166146847577,630.9888946533204,658.5401267055112,603.4376626011295,630.8225988559354,620.0012559722093,625.4119274140724,618.7598798875747,698.9060668945312
2020-05-26 00:00:00+05:30,649.279734112541,655.3228253258221,636.1629718072371,637.6151733398438,7099606,0.0,0.0,-0.01704347325350386,1.2510251031030881,632.0452606201172,658.895197225451,605.1953240147834,630.8225988559354,630.5415077421917,630.6820532990636,618.7598798875747,695.0598754882812
2020-05-27 00:00:00+05:30,642.7682270259578,664.4577546303587,632.4153647145771,660.9443359375,8774636,0.0,0.0,0.03658815469440224,1.2967978031020044,633.9589050292968,663.2369582869525,604.6808517716412,635.1792665876209,631.3847137077705,633.2819901476958,618.7598798875747,718.5166015625
2020-05-28 00:00:00+05:30,662.3964527479711,665.2071873423755,646.4689567130129,662.771240234375,9440091,0.0,0.0,0.002764081931776685,1.3003822584787263,636.1465911865234,667.139507564654,605.1536748083929,635.5539829436293,631.3847137077705,633.4693483256999,618.7598798875747,724.3095703125
2020-05-29 00:00:00+05:30,657.6430645071822,665.5252730379261,640.9764540317575,656.2185668945312,28290128,9.5,0.0,-0.009886779845073801,1.2875256653747074,637.2641418457031,669.4498416177184,605.0784420736877,638.66426943687,631.5017963057398,635.0830328713049,618.7598798875747,725.544189453125
2020-06-01 00:00:00+05:30,663.5784753285956,671.0808526534504,656.6934034915547,664.3381958007812,12276438,0.0,0.0,0.01237336051717497,1.3034566846075042,636.9630401611328,667.9838392883028,605.9422410339628,642.3789726310126,636.2097967175778,639.2943846742952,618.7598798875747,754.1766357421875
2020-06-02 00:00:00+05:30,665.2404536133658,675.8292434763367,662.4389297607314,672.4578857421875,7059304,0.0,0.0,0.012222223549285705,1.3193878235935879,639.0260650634766,673.5672474712479,604.4848826557053,646.9314679941865,640.8650110106098,643.8982395023982,618.7598798875747,735.7056274414062
2020-06-03 00:00:00+05:30,674.9270078024176,676.0666175312859,660.9669190404373,666.237548828125,11378568,0.0,0.0,-0.009250150895616538,1.307183287135508,640.7780731201171,677.0823856916878,604.4737605485465,649.7438111215072,640.9836980380844,645.3637545797958,618.7598798875747,742.3532104492188
2020-06-04 00:00:00+05:30,666.6649743837755,673.7399917586464,662.3914809582385,672.1255493164062,10782424,0.0,0.0,0.008837689347647615,1.3187357669476485,643.1898773193359,681.0778181666628,605.301936472009,653.5383158349134,640.9836980380844,647.2610069364989,618.7598798875747,742.4956665039062
2020-06-05 00:00:00+05:30,671.4133195361172,675.8767577225149,665.3354388614949,668.136962890625,7718679,0.0,0.0,-0.005934287767869972,1.3109100094167985,645.4467590332031,683.6345686160319,607.2589494503743,654.2409911229315,640.9836980380844,647.612344580508,618.7598798875747,756.9306030273438
2020-06-08 00:00:00+05:30,672.0305075309363,689.2668937110876,668.5642068528381,684.5660400390625,10719105,0.0,0.0,0.024589385202337555,1.343144480603948,648.0917694091797,689.3353598013362,606.8481790170233,660.8411292128324,647.5838361279853,654.2124826704088,618.7598798875747,743.8251953125
2020-06-09 00:00:00+05:30,683.7588947941331,692.875656872871,679.0580407998315,681.4796752929688,10078029,0.0,0.0,-0.004508498180712639,1.337088916156711,650.1749053955078,693.7068781138319,606.6429326771838,666.9260554523142,649.3882177088769,658.1571365805955,618.7598798875747,789.1243286132812
2020-06-10 00:00:00+05:30,679.0106178239886,683.2366395554858,673.5025712580091,679.8178100585938,7263049,0.0,0.0,-0.002438613057184069,1.3338282736671552,651.9524322509766,697.2609711953899,606.6438933065633,666.9260554523142,649.3882177088769,658.1571365805955,618.7598798875747,865.1449584960938
2020-06-11 00:00:00+05:30,676.1616391600238,677.491193658165,665.0030727834363,668.516845703125,8825715,0.0,0.0,-0.016623519108001528,1.3116553538730564,652.8604156494141,698.7351584937778,606.9856728050504,674.7845301822128,649.3882177088769,662.0863739455449,618.7598798875747,857.6901245117188
2020-06-12 00:00:00+05:30,641.783640898332,660.1596947286349,641.4987529707289,657.2156982421875,9795316,0.0,0.0,-0.016904805815403656,1.2894820748190978,654.8897766113281,697.6244090767315,612.1551441459247,667.1872049218,649.3882177088769,658.2877113153385,618.7598798875747,887.2721557617188
2020-06-15 00:00:00+05:30,658.1180089089759,668.9442157905004,650.7581033259389,652.9423217773438,7857344,0.0,0.0,-0.006502243443474498,1.2810975484526275,656.9795196533203,694.6954174224161,619.2636218842244,667.1872049218,649.3882177088769,658.2877113153385,618.7598798875747,889.5988159179688
2020-06-16 00:00:00+05:30,666.664871822257,676.1615224180157,663.958349587648,665.9051513671875,10131760,0.0,0.0,0.019852947431188372,1.3065311107362818,659.1739959716797,693.4077747534614,624.940217189898,667.1872049218,649.3882177088769,658.2877113153385,618.7598798875747,871.6976928710938
2020-06-17 00:00:00+05:30,664.6706891341008,674.5471723244165,662.86630208936,668.23193359375,7291916,0.0,0.0,0.0034941646295802986,1.3110963455308629,661.2646392822265,692.1505554667964,630.3787230976567,667.1872049218,649.3882177088769,658.2877113153385,618.7598798875747,862.2484741210938
2020-06-18 00:00:00+05:30,672.5528396858274,680.5299917987377,670.4635648599611,677.9659423828125,6670195,0.0,0.0,0.014566811760570841,1.3301948391961833,663.7974822998046,691.2068739595356,636.3880906400736,667.1872049218,649.3882177088769,658.2877113153385,618.7598798875747,876.3984985351562
2020-06-19 00:00:00+05:30,673.3125500065702,676.0666019576473,665.7152292730686,670.0361938476562,22438862,0.0,0.0,-0.011696381837833836,1.3146363724382288,665.8096923828125,688.3699337773517,643.2494509882733,667.1872049218,649.3882177088769,658.2877113153385,618.7598798875747,900.7098999023438
2020-06-22 00:00:00+05:30,671.5081232169665,673.0276220510864,664.7655246521052,668.279296875,7804096,0.0,0.0,-0.002622092640350293,1.3111892740813218,666.7901184082032,687.9305765867424,645.6496602296639,662.3676962631073,649.3882177088769,655.8779569859921,616.136533508577,914.3850708007812
2020-06-23 00:00:00+05:30,660.682004447756,688.0323470225195,657.2631753990628,684.3761596679688,12157390,0.0,0.0,0.024087028983601266,1.3427719281291057,669.1281677246094,686.8833216371977,651.3730138120211,664.7655499966243,652.3394613543425,658.5525056754834,614.0051125211369,906.1229858398438
2020-06-24 00:00:00+05:30,680.814948222579,690.2165981398381,673.6924598172499,678.203369140625,10220838,0.0,0.0,-0.009019587313413346,1.330660679481345,669.9911193847656,687.749065709068,652.2331730604633,665.8576755552835,653.2763747407229,659.5670251480033,604.3080134600508,913.0555419921876
2020-06-25 00:00:00+05:30,669.3714989871744,670.0837478935081,658.592822056511,665.240478515625,14945284,0.0,0.0,-0.019113574504098563,1.3052269974444037,670.1145812988282,687.7016984286983,652.5274641689581,670.4873507328884,655.4546746924536,662.971012712671,600.9351530240037,917.3765869140624
2020-06-26 00:00:00+05:30,674.4522133897278,713.7683165370441,674.2622687636808,710.5394897460938,26030458,0.0,0.0,0.06809418953510771,1.3941053719947225,672.8306274414062,696.7230117181874,648.9382431646251,685.5157459680535,668.5946606243863,677.0552032962198,600.9351530240037,908.734619140625
2020-06-29 00:00:00+05:30,698.3837814861326,707.2156558769492,693.3505097703801,694.91748046875,8954428,0.0,0.0,-0.02198612392806787,1.3634543985172614,674.3595916748047,699.7651904516267,648.9539928979827,685.5157459680535,672.3891653377925,678.9524556529229,600.9351530240037,902.0394287109376
2020-06-30 00:00:00+05:30,695.9145985375271,701.7550622962649,687.7949732351784,698.9060668945312,10411290,0.0,0.0,0.005739654761728996,1.3712801560481114,675.6820007324219,703.2404242184128,648.123577246431,685.5157459680535,673.0918406258106,679.3037932969321,600.9351530240037,897.1486206054688
2020-07-01 00:00:00+05:30,700.1405603367399,704.9363572618845,693.0180724391129,695.0598754882812,5477468,0.0,0.0,-0.005503159277669312,1.3637337829350713,677.1231170654297,705.5652728331361,648.6809612977233,685.5157459680535,673.0918406258106,679.3037932969321,600.9351530240037,921.9823608398438
2020-07-02 00:00:00+05:30,700.2355481308414,726.9211725932714,698.383747530209,718.5166015625,17263756,0.0,0.0,0.03374777756770997,1.4097567673031357,679.4426696777343,713.0370904431197,645.8482489123489,692.092173996167,683.9488133125144,688.0204936543407,587.0922759845549,903.0365600585938
2020-07-03 00:00:00+05:30,716.9971375816586,725.5441233276651,714.6229748744346,724.3095703125,7796572,0.0,0.0,0.008062400698052752,1.4211227912479252,682.2513000488282,720.6942142414698,643.8083858561865,692.092173996167,683.9488133125144,688.0204936543407,578.5897735571361,903.4638671875
2020-07-06 00:00:00+05:30,726.6837992490468,735.9905063169789,723.1700265295218,725.544189453125,8810958,0.0,0.0,0.001704546220606007,1.4235451607307639,684.3002075195312,727.1809366232194,641.4194784158431,697.2916641867449,688.7446296438538,693.0181469152994,575.8493097903547,900.7098999023438
2020-07-07 00:00:00+05:30,730.6724222298967,756.8356866883591,727.0161764613179,754.1766357421875,19362533,0.0,0.0,0.03946340788786973,1.479723104055485,687.9350555419921,740.5749170373899,635.2951940465944,707.7142543724351,699.167219829544,703.4407371009895,575.8493097903547,906.8826904296876
2020-07-08 00:00:00+05:30,745.3922238818856,745.3922238818856,733.3314644884928,735.7056274414062,8476642,0.0,0.0,-0.024491620961717864,1.4434822866626615,690.7294464111328,747.1870265060213,634.2718663162443,715.54897772602,699.167219829544,707.3580987777821,576.4757657462903,903.3214721679688
2020-07-09 00:00:00+05:30,740.738768207969,750.2354190824301,735.9904427707384,742.3532104492188,6854166,0.0,0.0,0.009035656055712327,1.4565250961274585,694.4212646484375,754.1826300946464,634.6598992022286,722.3153299617688,699.167219829544,710.7412748956565,576.5944527737649,905.6006469726562
2020-07-10 00:00:00+05:30,734.565985770303,750.1405172510695,734.565985770303,742.4956665039062,5206452,0.0,0.0,0.0001918979438391144,1.4568046002985555,698.6852630615234,759.3919851122721,637.9785410107747,722.3153299617688,699.167219829544,710.7412748956565,576.5944527737649,909.3043212890624
2020-07-13 00:00:00+05:30,748.3361449350851,764.8128122506921,746.4842862833261,756.9306030273438,10804688,0.0,0.0,0.019441105416015958,1.4851264921034968,703.8846771240235,765.8431616641583,641.9261925838887,728.9154423449024,703.1557826107105,716.0356124778065,576.5944527737649,918.8484497070312
2020-07-14 00:00:00+05:30,753.0369584461465,765.8099657322628,742.0208084233988,743.8251953125,8961822,0.0,0.0,-0.01731388275547152,1.4594131861421722,707.7806793212891,769.4926593343371,646.0686993082411,732.0968566312358,703.6543593514958,717.8756079913658,583.1945908636658,911.0137939453124
2020-07-15 00:00:00+05:30,758.7825131470364,805.743470015125,754.7939076180008,789.1243286132812,30060599,0.0,0.0,0.06090024052190102,1.5482918001990644,713.8252990722656,782.2520389622581,645.3985591822731,760.1832224447799,723.621111492927,741.9021669688534,588.1141862726879,907.07275390625
2020-07-16 00:00:00+05:30,854.7935850939965,907.4050580055076,849.2380671077187,865.1449584960938,90432109,0.0,0.0,0.09633542792477656,1.697447153323664,723.1842498779297,816.4456614854143,629.922838270445,815.2875422675147,774.4519054881182,794.8697238778165,588.1141862726879,901.042236328125
2020-07-17 00:00:00+05:30,865.1449729374658,873.5970161656182,847.2438076046801,857.6901245117188,31682878,0.0,0.0,-0.008616861152764499,1.6828204868893186,732.5669464111328,839.4713230642245,625.6625697580411,817.2106172334127,774.4519054881182,795.8312613607654,590.9717847533518,899.7128295898438
2020-07-20 00:00:00+05:30,862.7708059952816,897.4335846621257,861.1088919496111,887.2721557617188,18421053,0.0,0.0,0.03449034844238286,1.7408615518481116,743.5165893554688,865.7754549399403,621.2577237709972,820.3682612470002,779.0815806657233,799.7249209563618,611.4432742377899,890.880859375
2020-07-21 00:00:00+05:30,897.4335532879429,901.8969910185808,882.4288557356148,889.5988159179688,12877784,0.0,0.0,0.0026222621110572053,1.7454265471361192,753.7777221679687,888.4217232185185,619.1337211174189,820.9855218879053,782.3341167022852,801.6598192950953,619.1494191212475,902.9415893554688
2020-07-22 00:00:00+05:30,891.6881333396062,891.7356050060662,864.1953147556126,871.6976928710938,14354201,0.0,0.0,-0.0201226920793538,1.7103038661809693,763.4524383544922,902.762075020543,624.1428016884414,820.9855218879053,782.3341167022852,801.6598192950953,619.1494191212475,899.38037109375
2020-07-23 00:00:00+05:30,869.5609072803684,869.7033222733719,855.3159302024153,862.2484741210938,13051307,0.0,0.0,-0.010840018078833391,1.691764141351269,773.3028381347656,911.281350660148,635.3243256093832,824.7129332144532,782.3341167022852,803.5235249583692,619.1494191212475,888.17431640625
2020-07-24 00:00:00+05:30,857.7850839723666,879.1525507748889,857.7850839723666,876.3984985351562,18209580,0.0,0.0,0.016410611139075604,1.7195270248140169,781.5957885742188,923.4143634122014,639.7772137362361,824.7129332144532,782.3341167022852,803.5235249583692,619.1494191212475,881.8590087890625
2020-07-27 00:00:00+05:30,875.1638848403798,904.8409200132194,872.4098907541158,900.7098999023438,16827870,0.0,0.0,0.02774012211091459,1.7672269144553754,791.8854095458985,936.9164062903433,646.8544128014537,831.0994828117542,782.3341167022852,806.7167997570198,619.1494191212475,868.1363525390625
2020-07-28 00:00:00+05:30,898.383236133067,918.8485086194046,893.8248549841807,914.3850708007812,15818463,0.0,0.0,0.015182658589541598,1.7940581173478003,802.6593597412109,950.4792638198114,654.8394556626104,883.0461581120423,788.0558420092336,835.551000060638,619.1494191212475,877.4905395507812
2020-07-29 00:00:00+05:30,905.2682640575958,911.6785035355804,896.1039725816643,906.1229858398438,11152710,0.0,0.0,-0.009035673508647646,1.7778475939439065,813.212515258789,958.8966743644069,667.5283561531712,883.0461581120423,788.7206653379578,835.8834117250001,629.150918626412,888.4591674804688
2020-07-30 00:00:00+05:30,913.5778462160392,923.6918029378144,910.4914345734176,913.0555419921876,12492320,0.0,0.0,0.007650789418964354,1.7914495315041836,822.9394622802735,968.0040419658446,677.8748825947023,889.5038665701148,791.1423124971627,840.3230895336387,629.150918626412,872.884765625
2020-07-31 00:00:00+05:30,920.462998826558,936.7972519252812,905.3158272326408,917.3765869140624,12704346,0.0,0.0,0.004732510480629282,1.7999275851875456,832.5928131103516,975.7823154152188,689.4033108054844,896.0565910638483,805.529760344481,850.7931757041647,629.150918626412,878.4877319335938
2020-08-03 00:00:00+05:30,911.6785579655372,916.806773039278,899.7602717430593,908.734619140625,8479792,0.0,0.0,-0.00942030557211826,1.782971717327394,841.7523345947266,979.662484191332,703.8421849981211,896.0565910638483,812.2961125802299,854.1763518220391,639.5972484584986,892.0204467773438
2020-08-04 00:00:00+05:30,912.105914181033,921.8399820674732,893.2075543187597,902.0394287109376,11133170,0.0,0.0,-0.00736759697349143,1.7698355002989918,849.145474243164,983.2437722082219,715.0471762781061,896.0565910638483,812.2961125802299,854.1763518220391,639.5972484584986,881.0518188476562
2020-08-05 00:00:00+05:30,904.081164158208,912.5806782919929,891.0707408545164,897.1486206054688,9614176,0.0,0.0,-0.005421944928125866,1.7602395496845287,857.2176239013672,982.0489989878128,732.3862488149217,897.2911679488238,814.9076621821971,856.0994150655105,639.5972484584986,892.7327270507812
2020-08-06 00:00:00+05:30,905.5056941524062,925.3537183945224,895.0593778066523,921.9823608398438,10976491,0.0,0.0,0.0276807428156276,1.8089642879532422,866.1990814208984,982.1175752423653,750.2805875994316,904.6035713396985,817.590499727745,861.0970355337217,650.137500228481,898.0983276367188
2020-08-07 00:00:00+05:30,920.6528359399762,920.6528359399762,901.2321731968312,903.0365600585938,8010948,0.0,0.0,-0.020548984000075765,1.7717919097433825,874.2261260986328,975.994989363368,772.4572628338976,913.9339963898988,825.7101133998578,869.8220548948783,657.5571342221735,929.1524047851562
2020-08-10 00:00:00+05:30,901.137234069336,908.6395535606993,897.7184049410682,903.4638671875,5716319,0.0,0.0,0.0004731891794929055,1.7726303025033863,881.5527893066406,968.333550127515,794.7720284857663,913.9339963898988,829.9836392274015,871.9588178086501,657.5571342221735,932.9984741210938
2020-08-11 00:00:00+05:30,902.0869259269556,913.5778507606952,898.4781520795707,900.7098999023438,6802442,0.0,0.0,-0.003048231794514855,1.767226914455375,889.3970245361328,948.7347905532417,830.0592585190238,913.9339963898988,831.9067141932995,872.9203552915992,662.2088836819966,951.3270874023438
2020-08-12 00:00:00+05:30,900.2825064532877,910.5388778456072,894.7744605169455,906.8826904296876,6908726,0.0,0.0,0.006853250450575832,1.779338163103136,895.2849426269531,932.8304375955967,857.7394476583096,913.9339963898988,835.0643582068869,874.4991772983929,677.3394742795247,960.1115112304688
2020-08-13 00:00:00+05:30,906.7402434088484,919.7506671228476,900.5199484762419,903.3214721679688,5097703,0.0,0.0,-0.00392687863524166,1.772350918085576,897.1937683105468,932.1839963952051,862.2035402258886,908.2122296245194,835.6816188477922,871.9469242361558,681.3682326166211,951.7069702148438
2020-08-14 00:00:00+05:30,907.737393520323,914.5275224014262,904.1286776101888,905.6006469726562,4663873,0.0,0.0,0.0025231048689871027,1.7768227453165515,899.5892944335938,929.5872297755167,869.5913590916708,908.2122296245194,835.6816188477922,871.9469242361558,681.3682326166211,959.06689453125
2020-08-17 00:00:00+05:30,906.075436806352,923.5018259399008,906.075436806352,909.3043212890624,9008210,0.0,0.0,0.004089743452356354,1.7840894945052077,900.6909027099609,930.4125659669609,870.969239452961,908.2122296245194,839.4090301743399,873.8106298994296,681.3682326166211,956.7875366210938
2020-08-18 00:00:00+05:30,915.382206893215,920.415420296632,910.4439368139736,918.8484497070312,6141761,0.0,0.0,0.010496077269751325,1.802815435695686,902.1533843994141,932.4273518095814,871.8794169892468,910.0640894557339,839.4090301743399,874.7365598150369,685.3567953977876,968.4210205078124
2020-08-19 00:00:00+05:30,922.029944791306,922.64719237942,909.2569365506528,911.0137939453124,6622744,0.0,0.0,-0.008526602797465532,1.7874435445583692,904.119189453125,931.1232430665009,877.1151358397492,909.1381432284231,845.7955797716411,877.4668615000321,685.8553721385729,926.3034057617188
2020-08-20 00:00:00+05:30,910.6339984649098,916.9017657029652,903.4165080482468,907.07275390625,5656501,0.0,0.0,-0.0043259938161802625,1.7797110748378384,906.3604034423828,925.2336848763143,887.4871220084513,909.1381432284231,892.0205297649807,900.5793364967019,705.822124280004,960.538818359375
2020-08-21 00:00:00+05:30,914.5749640187554,914.9548532443772,898.905489850657,901.042236328125,6513773,0.0,0.0,-0.006648328430277517,1.7678789711013143,907.5925903320312,920.7937630035891,894.3914176604734,909.1381432284231,892.0205297649807,900.5793364967019,756.6529182751954,959.5416259765624
2020-08-24 00:00:00+05:30,899.3329403263789,904.0812663048708,891.9255633925242,899.7128295898438,5798574,0.0,0.0,-0.001475410013740075,1.7652706247642709,907.5427368164062,920.8557746832746,894.2296989495378,907.7136946662124,896.0565910638483,901.8851428650303,756.6529182751954,958.2120971679688
2020-08-25 00:00:00+05:30,899.8077350237446,900.8998731379816,886.6073661743595,890.880859375,6233918,0.0,0.0,-0.009816432448640278,1.7479419649227035,906.3675262451172,921.143096494142,891.5919559960925,905.0545960571301,896.0565910638483,900.5555935604891,756.6529182751954,957.4999389648438
2020-08-26 00:00:00+05:30,893.8722990033257,906.2179456296664,891.1657765819655,902.9415893554688,5153601,0.0,0.0,0.01353798305749887,1.7716055736293184,906.2084564208984,921.0602634174778,891.356649424319,905.0545960571301,896.0565910638483,900.5555935604891,756.6529182751954,966.4267578125
2020-08-27 00:00:00+05:30,911.6785464113706,912.580739898849,897.6235137467875,899.38037109375,6154280,0.0,0.0,-0.003944018421236706,1.7646183286117587,905.5246978759766,920.3109435169307,890.7384522350225,905.0545960571301,896.0565910638483,900.5555935604891,756.6529182751954,995.9136962890624
2020-08-28 00:00:00+05:30,903.5589031667448,904.5560399646652,886.0850415192514,888.17431640625,7593610,0.0,0.0,-0.012459750120932922,1.742631625178438,904.064584350586,919.6362647694667,888.4929039317052,904.3661169493357,897.2911679488238,900.8286424490798,756.6529182751954,1002.6090087890624
2020-08-31 00:00:00+05:30,888.1743050332906,902.6566981386184,868.5636970858109,881.8590087890625,12808355,0.0,0.0,-0.007110437107369472,1.7302407526062935,902.7208038330078,920.8994368362022,884.5421708298135,895.6054447326154,902.680474505546,899.1429596190808,756.6529182751954,1012.8654174804688
2020-09-01 00:00:00+05:30,879.6272767751806,887.9368461914104,866.1894927626093,868.1363525390625,6907773,0.0,0.0,-0.015561054673403518,1.7033163816568362,901.0256500244141,924.7023148954132,877.3489851534149,891.5456292327873,901.4933723439453,896.5195007883663,756.6529182751954,1038.648681640625
2020-09-02 00:00:00+05:30,868.943553775936,879.7697589425895,867.5190561467952,877.4905395507812,5678118,0.0,0.0,0.01077502051879331,1.7216696506191853,900.0427459716797,925.8425833411293,874.24290860223,890.5721730034933,901.4933723439453,896.0327726737194,762.3746435821438,1051.0894775390625
2020-09-03 00:00:00+05:30,879.8647099686711,901.6120638157888,877.490547232652,888.4591674804688,8827948,0.0,0.0,0.012499995652719864,1.743190513767345,898.366586303711,922.5342701077809,874.198902499641,889.3851163307291,901.4933723439453,895.4392443373372,765.3258872276092,1075.1158447265625
2020-09-04 00:00:00+05:30,868.9436319778391,882.7137769654661,868.4213277260733,872.884765625,8650342,0.0,0.0,-0.01752967657437232,1.7126329478534894,896.8589965820313,923.3498051783425,870.36818798572,889.3851163307291,901.4933723439453,895.4392443373372,768.6844477731945,1099.5223388671875
2020-09-07 00:00:00+05:30,872.6473260620149,880.8618947991854,867.0917501787544,878.4877319335938,6700385,0.0,0.0,0.006418907202008439,1.723626179816863,895.6101898193359,923.0851934869454,868.1351861517264,889.3851163307291,895.7716055785659,892.5783609546475,777.4154722186587,1079.769287109375
2020-09-08 00:00:00+05:30,883.1411009794988,904.0812055447448,878.9625512140661,892.0204467773438,12891964,0.0,0.0,0.015404557573005517,1.7501778785381914,895.1757171630859,922.5884807853392,867.7629535408325,889.3851163307291,895.7716055785659,892.5783609546475,780.1091283185049,1052.46630859375
2020-09-09 00:00:00+05:30,887.9368909970991,898.3832073617708,879.3899048805495,881.0518188476562,5528947,0.0,0.0,-0.01229638621997342,1.728657015390032,893.8841735839844,921.4039332730564,866.3644138949124,885.3727663636373,895.7716055785659,890.5721859711016,783.903633031911,1070.7474365234375
2020-09-10 00:00:00+05:30,888.2218175155906,894.5845857157151,878.2503332799058,892.7327270507812,5171884,0.0,0.0,0.01325791281879729,1.7515753993936753,893.354736328125,920.5294346945581,866.1800379616919,885.135349153677,895.7716055785659,890.4534773661214,784.6063083199292,1069.2279052734375
2020-09-11 00:00:00+05:30,887.8419557955826,906.12300960107,884.1382385926637,898.0983276367188,6671903,0.0,0.0,0.00601031016714626,1.7621029108251745,892.9796203613281,919.6652722376787,866.2939684849775,886.1562511818397,894.8456593512551,890.5009552665474,784.6063083199292,1080.2440185546875
2020-09-14 00:00:00+05:30,908.8295474153448,941.1656341398816,900.5674490280676,929.1524047851562,21871587,0.0,0.0,0.034577591554094234,1.8230321855519678,893.9720245361328,924.2840303312166,863.660018741049,904.128692159318,903.6775634512455,903.9031278052818,788.8868529785193,1090.5479736328125
2020-09-15 00:00:00+05:30,930.1969505284424,943.9670942575516,922.7421027982108,932.9984741210938,11608203,0.0,0.0,0.0041393309817960855,1.8305783191584344,894.6795257568359,927.840025957654,861.5190255560178,905.5294222181531,905.0782935100805,905.3038578641167,788.8868529785193,1072.219482421875
2020-09-16 00:00:00+05:30,936.3698609220972,955.0308047635896,932.5712002287012,951.3270874023438,10059251,0.0,0.0,0.01964484807814504,1.866539752133448,896.6951904296875,937.6593035413813,855.7310773179937,911.0612774711719,910.6101487630995,910.8357131171357,789.1480024480051,1077.45068359375
2020-09-17 00:00:00+05:30,944.916868124942,969.6081631714228,944.916868124942,960.1115112304688,15628241,0.0,0.0,0.009233862826413697,1.8837751241646965,899.3471282958984,948.7533642129321,849.9408923788648,918.3499566750886,917.8988279670161,918.1243923210524,789.1480024480051,1067.803955078125
2020-09-18 00:00:00+05:30,960.1114837569078,967.5188604662976,948.8104450853658,951.7069702148438,12897633,0.0,0.0,-0.008753713414865527,1.867285096589706,901.8803649902344,956.3666768782784,847.3940531021904,923.9292482256643,917.8988279670161,920.9140380963402,789.1480024480051,1047.07080078125
2020-09-21 00:00:00+05:30,950.6148511906237,979.1048067707624,950.1400185976214,959.06689453125,14140637,0.0,0.0,0.00773339330985956,1.8817255466632734,904.8480682373047,964.7931564857248,844.9029799888846,928.677570025334,922.6471497666859,925.66235989601,789.1480024480051,1033.3448486328125
2020-09-22 00:00:00+05:30,958.2120341942268,971.0325123524252,941.3080079189712,956.7875366210938,12625762,0.0,0.0,-0.002376641215699915,1.877253360172438,908.1434020996094,971.8262546376599,844.4605495615589,928.677570025334,922.6471497666859,925.66235989601,789.1480024480051,1031.7130126953125
2020-09-23 00:00:00+05:30,968.80090974664,984.8027440711954,957.3573985102568,968.4210205078124,13486204,0.0,0.0,0.012158899903527587,1.9000786958723355,911.4173736572266,980.2746407302886,842.5601065841645,934.4704913319296,925.4961184169024,929.983304874416,789.1480024480051,1018.0348510742188
2020-09-24 00:00:00+05:30,952.514140582596,958.212131453479,921.17519079274,926.3034057617188,14427432,0.0,0.0,-0.043491016669597204,1.8174423416366052,912.763525390625,981.6801723316,843.8468784496499,942.6850965496315,925.4961184169024,934.0906074832669,789.1480024480051,1029.265380859375
2020-09-25 00:00:00+05:30,926.6832329009834,963.815174688084,925.9235123808528,960.538818359375,13311078,0.0,0.0,0.036959178153408434,1.8846135169247002,916.3817504882812,987.3451793305633,845.4183216459992,952.9889674319677,925.4961184169024,939.242542924435,789.1480024480051,1019.90673828125
2020-09-28 00:00:00+05:30,963.7201175767398,965.0022002204764,948.240588269193,959.5416259765624,8554526,0.0,0.0,-0.0010381593786243926,1.8826569877270225,920.2658813476562,991.7533752500054,848.778387445307,952.9889674319677,925.4961184169024,939.242542924435,789.1480024480051,1050.04638671875
2020-09-29 00:00:00+05:30,966.759083168476,976.2557342801506,953.5587149380648,958.2120971679688,8708463,0.0,0.0,-0.001385587422786938,1.880048401883406,924.7696685791016,993.8357633697381,855.7035737884651,952.9889674319677,925.4961184169024,939.242542924435,789.1480024480051,1059.693115234375
2020-09-30 00:00:00+05:30,958.212187865636,972.409694214018,954.4135270614114,957.4999389648438,8048817,0.0,0.0,-0.0007432156254651989,1.8786511205344953,928.7701385498046,995.6285851228671,861.9116919767422,952.9889674319677,925.4961184169024,939.242542924435,793.7776776256101,1068.092041015625
2020-10-01 00:00:00+05:30,969.2282236193544,974.8312711589836,960.8237102728708,966.4267578125,5563358,0.0,0.0,0.009323048999154038,1.896165876983554,932.6685180664062,998.7499310379413,866.5871050948712,952.9889674319677,925.4961184169024,939.242542924435,797.030213662172,1090.9368896484375
2020-10-05 00:00:00+05:30,966.8064971462564,1001.8016891825396,966.8064971462564,995.9136962890624,14212509,0.0,0.0,0.030511301801396495,1.954020366321709,938.8199645996094,1004.3931180837823,873.2468111154366,961.4884399876398,933.9955909725745,947.7420154801072,797.030213662172,1047.2630615234375
2020-10-06 00:00:00+05:30,1001.8967599076116,1006.645085783951,979.4371553273412,1002.6090087890624,9090819,0.0,0.0,0.006722783836539126,1.967156822856685,945.0260284423828,1010.0709604406052,879.9810964441604,963.9101382883455,936.4172892732802,950.1637137808128,797.030213662172,1077.45068359375
2020-10-07 00:00:00+05:30,992.305143688624,1018.041046205079,983.3782680460442,1012.8654174804688,9284008,0.0,0.0,0.01022971926393712,1.9872802849026472,951.0682769775391,1017.7440030241667,884.3925509309115,969.6081184989096,942.1152694838443,955.8616939913769,797.030213662172,1072.8912353515625
2020-10-08 00:00:00+05:30,1035.1349671134506,1067.423580766531,1033.615526126724,1038.648681640625,21482613,0.0,0.0,0.02545576511467118,2.0378680250521457,958.9481201171875,1027.8990508360303,889.9971893983449,996.6735465736919,967.2576654726427,981.9656060231673,797.030213662172,1079.0823974609375
2020-10-09 00:00:00+05:30,1039.9783252723812,1057.2623012674655,1033.6630285804451,1051.0894775390625,10567867,0.0,0.0,0.011977867125182673,2.0622773374748786,966.8659576416015,1039.878396835649,893.8535184475539,1007.832084517862,967.2576654726427,987.5448749952523,797.030213662172,1087.961181640625
2020-10-12 00:00:00+05:30,1066.4739154358188,1082.618222258979,1056.122542581668,1075.1158447265625,14633537,0.0,0.0,0.022858536500387716,2.1094179792674703,975.7168334960937,1055.8863192780473,895.5473477141402,1018.0884685985218,974.8549862188667,996.4717274086943,797.6950369908961,1078.6024169921875
2020-10-13 00:00:00+05:30,1078.3922896289305,1107.357076225193,1078.3922896289305,1099.5223388671875,17523825,0.0,0.0,0.022701269133311275,2.157304444529467,984.2353302001953,1078.0139720341194,890.4566883662712,1030.8853016433022,987.2244132019737,1009.054857422638,797.6950369908961,1065.98046875
2020-10-14 00:00:00+05:30,1103.5109161135388,1106.2649682632064,1074.1662394792077,1079.769287109375,16649573,0.0,0.0,-0.01796512090710556,2.1185482093500587,991.5738708496094,1091.0283725738725,892.1193691253465,1034.0903932490319,992.8037047525494,1013.4470490007907,805.529760344481,1052.734130859375
2020-10-15 00:00:00+05:30,1120.604777027408,1126.302767419073,1037.50908381563,1052.46630859375,44288251,0.0,0.0,-0.025285937321589458,2.0649787321156676,996.6308319091797,1097.67525559531,895.5864082230495,1046.5546322826647,1002.2765503494894,1024.415591316077,812.2961125802299,1059.0692138671875
2020-10-16 00:00:00+05:30,1057.7844842841116,1078.7720605199197,1041.6877066641714,1070.7474365234375,18365685,0.0,0.0,0.017369798710339612,2.100846997033649,1002.1626281738281,1106.6961725671117,897.6290837805444,1052.8699613732072,1002.2765503494894,1027.5732558613483,812.2961125802299,1094.1043701171875
2020-10-19 00:00:00+05:30,1077.8698340617907,1081.668494269938,1059.1614789070293,1069.2279052734375,12902123,0.0,0.0,-0.0014191313452346366,2.0978656192086165,1008.0386749267578,1113.785105792518,902.2922440609977,1054.8405177325585,1005.2205030058683,1030.0305103692135,814.9076621821971,1094.29638671875
2020-10-20 00:00:00+05:30,1062.5802714144922,1087.0815606973722,1054.1282290951235,1080.2440185546875,10448776,0.0,0.0,0.010302867355891587,2.1194796504138083,1014.0975311279296,1121.8152207336736,906.3798415221858,1079.9591467728985,1013.4351082235703,1046.6971274982343,817.590499727745,1070.8756103515625
2020-10-21 00:00:00+05:30,1083.710430786402,1096.245964646796,1077.869966811884,1090.5479736328125,19811433,0.0,0.0,0.00953854397815701,2.1396964002700893,1020.7855529785156,1130.055292274963,911.5158136820683,1079.9828979997592,1023.7389791059065,1051.860938552833,827.894304507158,1068.5238037109375
2020-10-22 00:00:00+05:30,1084.5175997261597,1099.712242104109,1067.23374039161,1072.219482421875,11271335,0.0,0.0,-0.016806680360774928,2.103735206801649,1025.9754760742187,1134.6558547592615,917.295097389176,1081.9059256173514,1023.7389791059065,1052.822452361629,833.5685603935367,1055.8536376953125
2020-10-23 00:00:00+05:30,1087.529286870128,1089.4490208275336,1075.195019628051,1077.45068359375,9069862,12.0,0.0,0.004878852937888256,2.1139990214958924,1033.5328399658204,1134.069171111009,932.9965088206318,1081.9059256173514,1023.7389791059065,1052.822452361629,841.0234906124538,1092.1846923828125
2020-10-26 00:00:00+05:30,1077.2106981748434,1084.265696911752,1058.877262633698,1067.803955078125,6309368,0.0,0.0,-0.008953290078622556,2.0950717750305152,1038.8960968017577,1134.559142918714,943.2330506848014,1081.9059256173514,1023.7389791059065,1052.822452361629,851.4698138299577,1095.1123046875
2020-10-27 00:00:00+05:30,1061.3248010345824,1065.1642686945374,1033.9206709144055,1047.07080078125,10172479,0.0,0.0,-0.01941662998931115,2.0543925415736983,1043.2725555419922,1131.670880008528,954.8742310754565,1080.1117191667392,1023.7389791059065,1051.925349136323,852.087074470863,1081.2421875
2020-10-28 00:00:00+05:30,1051.534281113556,1060.4130507167513,1027.1057132359726,1033.3448486328125,7608392,0.0,0.0,-0.013108905470571974,2.0274617039467606,1047.0291931152344,1126.4912997157883,967.5670865146806,1063.4089776700407,1023.7389791059065,1043.5739783879735,856.8353962705327,1089.113037109375
2020-10-29 00:00:00+05:30,1027.0576812193651,1038.5760851208909,1017.5549745663538,1031.7130126953125,6935616,0.0,0.0,-0.00157917847043898,2.0242599800742482,1050.7398468017577,1119.1893257906922,982.2903678128231,1058.6336083352314,1023.7389791059065,1041.186293720569,860.5628075970806,1097.60791015625
2020-10-30 00:00:00+05:30,1028.977357602376,1040.111790649643,1010.115948835208,1018.0348510742188,8800386,0.0,0.0,-0.013257719397529066,1.997422909270776,1053.3202514648438,1111.9493158966347,994.6911870330526,1054.9140954696586,1023.7389791059065,1039.3265372877827,863.4117762472971,1107.0625
2020-11-02 00:00:00+05:30,1022.258305232004,1036.6082693148794,1008.9161311473064,1029.265380859375,7183119,0.0,0.0,0.011031576937966303,2.019457633772053,1054.9878356933593,1108.6236296432603,1001.3520417434585,1054.3141866257076,1026.1131398999628,1040.2136632628353,869.7983258445981,1128.0355224609375
2020-11-03 00:00:00+05:30,1028.977434656685,1036.0804739645016,1015.0593630125418,1019.90673828125,7204782,0.0,0.0,-0.009092545763378479,2.0010956228197765,1055.8527221679688,1106.5270700861208,1005.1783742498168,1054.3141866257076,1037.2716778441331,1045.7929322349205,916.0232758379377,1120.884765625
2020-11-04 00:00:00+05:30,1025.1378866229588,1071.2114995048896,1023.9860931694132,1050.04638671875,15702690,0.0,0.0,0.029551376911472804,2.060230753805622,1057.7117706298827,1104.478242109571,1010.9452991501945,1049.18257598742,1039.930741178569,1044.5566585829945,916.0232758379377,1116.517333984375
2020-11-05 00:00:00+05:30,1065.3563536866366,1077.9305873262708,1054.8937804733498,1059.693115234375,9568890,0.0,0.0,0.009186954631375643,2.0791580002709993,1058.7639923095703,1104.698113623447,1012.8298709956937,1046.5909140295291,1040.3581472402423,1043.4745306348857,920.0593371368054,1117.813232421875
2020-11-06 00:00:00+05:30,1063.5326726086837,1076.106907307258,1047.8867931016189,1068.092041015625,8807127,0.0,0.0,0.00792580952023303,2.0956370105436157,1059.6141204833984,1105.5782956689443,1013.6499452978527,1043.4233592367887,1043.563238845972,1043.4932990413804,920.0593371368054,1108.262451171875
2020-11-09 00:00:00+05:30,1083.9778538733688,1100.0075859626074,1076.154914360935,1090.9368896484375,10160320,0.0,0.0,0.021388464435227794,2.140459468212775,1060.4051727294923,1107.9442031783547,1012.8661422806298,1054.461858554957,1046.5546322826647,1050.508245418811,920.0593371368054,1118.9168701171875
2020-11-10 00:00:00+05:30,1069.147961418308,1069.147961418308,1034.7367488181203,1047.2630615234375,15622869,0.0,0.0,-0.04003332231168222,2.0547697644267213,1057.7922088623047,1102.0402656032497,1013.5441521213597,1054.461858554957,1052.8699613732072,1053.665909964082,928.5588096924774,1112.677734375
2020-11-11 00:00:00+05:30,1052.0142086581293,1081.146148027503,1043.3754058498052,1077.45068359375,12514800,0.0,0.0,0.028825252393031908,2.1139990214958924,1057.6762786865233,1101.702606558924,1013.6499508141228,1054.461858554957,1054.8405177325585,1054.6511881437577,932.2150848781588,1142.0496826171875
2020-11-12 00:00:00+05:30,1082.8258344052465,1096.1680078474476,1069.0517677233754,1072.8912353515625,9180976,0.0,0.0,-0.004231700171166808,2.1050532114747815,1058.697525024414,1103.1431968565555,1014.2518531922725,1054.461858554957,1067.6094492831896,1061.0356539190734,942.1152694838443,1130.0513916015625
2020-11-13 00:00:00+05:30,1075.0510030679368,1087.5292736392612,1072.171402166862,1079.0823974609375,6363212,0.0,0.0,0.005770540298380089,2.117200505861831,1059.114273071289,1104.1628675346049,1014.0656786079734,1057.5334744875745,1067.6094492831896,1062.5714618853822,966.8065367645702,1171.5177001953125
2020-11-14 00:00:00+05:30,1091.368756288218,1093.9124272195363,1085.7055176718193,1087.961181640625,1136144,0.0,0.0,0.008228087308790544,2.1346210164742776,1060.0509368896485,1106.6706517123978,1013.4312220668991,1061.9968395660103,1067.6094492831896,1064.8031444245999,966.8065367645702,1202.7613525390625
2020-11-17 00:00:00+05:30,1098.8076626364018,1099.0476293677048,1067.995957771349,1078.6024169921875,12813968,0.0,0.0,-0.008602112654722327,2.116258766015428,1059.9688568115234,1106.4501507109876,1013.4875629120594,1067.3721673903638,1067.6094492831896,1067.4908083367768,974.4038575107941,1186.4437255859375
2020-11-18 00:00:00+05:30,1083.210036552393,1087.2414315567394,1057.2455842884522,1065.98046875,9839468,0.0,0.0,-0.011702132355113082,2.0914940258378474,1058.7404815673829,1103.1550308962312,1014.3259322385344,1067.3721673903638,1067.6094492831896,1067.4908083367768,986.7732844939012,1190.52294921875
2020-11-19 00:00:00+05:30,1055.853698605254,1069.9636966181097,1049.9025700816212,1052.734130859375,10092343,0.0,0.0,-0.012426435829690274,2.065504209537593,1057.7662139892577,1101.8045335731301,1013.7278944053853,1067.3721673903638,1067.6094492831896,1067.4908083367768,986.7732844939012,1200.1217041015625
2020-11-20 00:00:00+05:30,1061.612884810253,1064.4924857636263,1047.3108433075804,1059.0692138671875,8063554,0.0,0.0,0.006017742582964392,2.0779338821746194,1056.8471405029297,1099.951166479246,1013.7431145266133,1066.8921890929125,1054.461858554957,1060.6770238239346,996.2461300908412,1196.7623291015625
2020-11-23 00:00:00+05:30,1060.653028797071,1098.8557820421588,1057.7253875956867,1094.1043701171875,10546363,0.0,0.0,0.03308108270097776,2.1466741847780018,1058.162161254883,1104.0680481118343,1012.2562743979316,1071.211517608755,1054.461858554957,1062.836688081856,996.2461300908412,1205.4010009765625
2020-11-24 00:00:00+05:30,1099.0476813547923,1108.550387798139,1087.8652077128693,1094.29638671875,8515426,0.0,0.0,0.000175501174117354,2.147050928617878,1060.5234405517579,1108.7305555899284,1012.3163255135875,1077.9306155528598,1058.7332594727227,1068.3319375127912,996.2461300908412,1209.8643798828125
2020-11-25 00:00:00+05:30,1091.3687467619611,1097.607882077663,1066.6521722420662,1070.8756103515625,8958701,0.0,0.0,-0.021402589509972425,2.1010984789356644,1062.3999786376953,1109.1118807673909,1015.6880765079999,1077.9306155528598,1058.7332594727227,1068.3319375127912,996.2461300908412,1236.5487060546875
2020-11-26 00:00:00+05:30,1075.002905392047,1075.002905392047,1054.2218804037138,1068.5238037109375,10962256,0.0,0.0,-0.0021961529592152695,2.096484145293547,1064.2405181884765,1108.799307336442,1019.6817290405108,1077.9306155528598,1058.7332594727227,1068.3319375127912,996.2461300908412,1241.8759765625
2020-11-27 00:00:00+05:30,1073.131242675781,1076.0108435058594,1047.214835205078,1055.8536376953125,25306145,0.0,0.0,-0.011857635713516168,2.071624800019494,1066.1314575195313,1105.546953034471,1026.7159620045916,1077.8826115016086,1058.7332594727227,1068.3079354871657,996.2461300908412,1230.6453857421875
2020-12-01 00:00:00+05:30,1060.7011236480917,1094.488396722248,1060.7011236480917,1092.1846923828125,8933802,0.0,0.0,0.034409176982903134,2.1429077044055362,1069.2774230957032,1106.3719322445843,1032.182913946822,1077.8826115016086,1058.7332594727227,1068.3079354871657,996.2461300908412,1211.49609375
2020-12-02 00:00:00+05:30,1088.4891988265244,1101.3993633550342,1076.0109275877724,1095.1123046875,6741637,0.0,0.0,0.002680510288328941,2.1486517905541347,1073.0377014160156,1104.036807289838,1042.0385955421932,1077.8826115016086,1058.7332594727227,1068.3079354871657,996.2461300908412,1259.4415283203125
2020-12-03 00:00:00+05:30,1100.9675021711382,1100.9675021711382,1077.6426860761624,1081.2421875,16212632,0.0,0.0,-0.012665474698924095,2.1214380956640735,1074.5974914550782,1103.8863780872607,1045.3086048228956,1077.8826115016086,1058.7332594727227,1068.3079354871657,996.2461300908412,1320.9688720703125
2020-12-04 00:00:00+05:30,1079.850297787436,1091.3687009638354,1070.25162847377,1089.113037109375,10564055,0.0,0.0,0.007279451079848842,2.136881000500388,1076.0684875488282,1105.1679014604624,1046.969073637194,1077.8826115016086,1058.7332594727227,1068.3079354871657,996.2461300908412,1316.6976318359375
2020-12-07 00:00:00+05:30,1101.2554516103207,1106.726646620163,1090.4089076847397,1097.60791015625,7792141,0.0,0.0,0.007799808428904154,2.153548262939656,1077.5442810058594,1107.8578052947917,1047.230756716927,1077.8826115016086,1058.7332594727227,1068.3079354871657,996.2461300908412,1331.4794921875
2020-12-08 00:00:00+05:30,1099.0476345707875,1120.1647070254228,1099.0476345707875,1107.0625,12308330,0.0,0.0,0.00861381350869106,2.172098526058584,1078.3505615234376,1110.8496173154554,1045.8515057314198,1083.6897711152506,1064.5404190863646,1074.1150951008076,996.2461300908412,1315.497802734375
2020-12-09 00:00:00+05:30,1121.1725679332128,1132.162996957175,1110.5659919283182,1128.0355224609375,10039346,0.0,0.0,0.0189447501481963,2.213248389932029,1082.3891845703124,1118.360756385346,1046.417612755279,1089.6889160811265,1073.6111799848584,1081.6500480329923,996.2461300908412,1290.9730224609375
2020-12-10 00:00:00+05:30,1110.9501649323277,1124.6282706143284,1103.8471252140869,1120.884765625,9488782,0.0,0.0,-0.006339123807322378,2.199218334371893,1084.560888671875,1124.1787843424063,1044.942993001344,1089.6889160811265,1078.074545063294,1083.8817305722102,996.2461300908412,1259.3935546875
2020-12-11 00:00:00+05:30,1113.1577992242433,1124.916170884704,1108.886437612014,1116.517333984375,10574009,0.0,0.0,-0.0038964144884150453,2.190649268190658,1086.7421936035157,1128.3268231397115,1045.15756406732,1096.4320603026333,1083.4498728876476,1089.9409665951405,996.2461300908412,1263.808837890625
2020-12-14 00:00:00+05:30,1122.468564232079,1125.5400919578517,1102.1193122421994,1117.813232421875,6728187,0.0,0.0,0.0011606612795480586,2.1931918699733175,1088.6787353515624,1132.2384540247283,1045.1190166783965,1101.2073127154727,1083.4498728876476,1092.3285928015603,996.2461300908412,1285.6937255859375
2020-12-15 00:00:00+05:30,1109.6062884502726,1116.9972177245568,1105.7668203241471,1108.262451171875,6905926,0.0,0.0,-0.008544165494719591,2.174452875674592,1089.693798828125,1134.0866197457701,1045.3009779104798,1101.2073127154727,1083.4498728876476,1092.3285928015603,996.2461300908412,1285.9337158203125
2020-12-16 00:00:00+05:30,1113.445675305312,1121.9885146966476,1107.3025033176511,1118.9168701171875,7788404,0.0,0.0,0.009613624402817766,2.1953572489029547,1091.709521484375,1137.558036636607,1045.861006332143,1101.2073127154727,1083.4498728876476,1092.3285928015603,996.2461300908412,1287.0377197265625
2020-12-17 00:00:00+05:30,1119.1089133167582,1121.9885141998936,1109.7981334918647,1112.677734375,6658153,0.0,0.0,-0.005576049399929062,2.1831158284325793,1094.044384765625,1139.1563662448248,1048.9324032864251,1111.2859523209572,1087.7692014034901,1099.5275768622237,996.2461300908412,1271.919677734375
2020-12-18 00:00:00+05:30,1135.3785373703672,1147.0409436205082,1128.41950235677,1142.0496826171875,15995676,0.0,0.0,0.0263975339262863,2.240744702578641,1098.5101623535156,1144.066154780313,1052.9541699267184,1123.0442890956479,1097.1278894127931,1110.0860892542205,996.2461300908412,1248.786865234375
2020-12-21 00:00:00+05:30,1140.321920957169,1161.1990268332788,1105.8147514465386,1130.0513916015625,10858352,0.0,0.0,-0.010505927367475798,2.2172036014842935,1102.0592712402345,1145.774675753005,1058.3438667274638,1131.6591695377392,1104.2069310191785,1117.9330502784587,996.2461300908412,1224.982177734375
2020-12-22 00:00:00+05:30,1134.5628198532236,1174.7332312843316,1128.8995809899227,1171.5177001953125,10901851,0.0,0.0,0.036694179487697376,2.2985620683979273,1105.9299377441407,1158.9687479236616,1052.8911275646199,1138.4262717632655,1110.974033244705,1124.7001525039852,996.6972587989137,1189.3232421875
2020-12-23 00:00:00+05:30,1188.3153077851252,1208.3285106572705,1181.164345733598,1202.7613525390625,15878346,0.0,0.0,0.026669381383261248,2.3598632968331295,1111.3531860351563,1178.9002847439995,1043.8060873263132,1155.223911449735,1127.7716729311742,1141.4977921904547,996.6972587989137,1210.29638671875
2020-12-24 00:00:00+05:30,1199.7378609237687,1199.7378609237687,1176.7970147708972,1186.4437255859375,7313885,0.0,0.0,-0.013566803521478321,2.3278474951474464,1117.131591796875,1189.4944120535722,1044.7687715401778,1155.223911449735,1127.7716729311742,1141.4977921904547,996.6972587989137,1220.2308349609375
2020-12-28 00:00:00+05:30,1188.7471017372131,1197.913877395075,1186.3954747278146,1190.52294921875,4607051,0.0,0.0,0.0034381939445109477,2.3358510863090074,1123.2315490722656,1198.7116481024811,1047.75145004205,1157.0476654907088,1127.7716729311742,1142.4096692109415,996.6972587989137,1233.0931396484375
2020-12-29 00:00:00+05:30,1185.435692779995,1204.1050582390787,1185.435692779995,1200.1217041015625,6878105,0.0,0.0,0.008062637422580954,2.3546842066910587,1130.4449523925782,1206.3679484929135,1054.521956292243,1157.0716310519047,1127.7716729311742,1142.4216519915394,1002.2765503494894,1228.005859375
2020-12-30 00:00:00+05:30,1202.71345816331,1203.0014651574777,1188.459455377513,1196.7623291015625,5194690,0.0,0.0,-0.0027991952720453073,2.3480929857925292,1135.6738342285157,1214.7117547977289,1056.6359136593026,1157.0716310519047,1127.7716729311742,1142.4216519915394,1002.2765503494894,1221.046875
2020-12-31 00:00:00+05:30,1193.1146567576968,1207.896631691602,1189.275188835709,1205.4010009765625,7430470,0.0,0.0,0.007218368814704723,2.365042386975201,1141.1882690429688,1223.494988686923,1058.8815493990146,1157.0716310519047,1127.7716729311742,1142.4216519915394,1002.2765503494894,1251.2347412109375
2021-01-01 00:00:00+05:30,1207.416789200835,1214.7117553681594,1205.4010918241263,1209.8643798828125,4253550,0.0,0.0,0.0037028166582191435,2.373799705323087,1147.6193786621093,1230.2884897399997,1064.9502675842189,1160.263253407349,1130.9632952866186,1145.6132743469839,1005.2205030058683,1253.154296875
2021-01-04 00:00:00+05:30,1218.0712656575963,1238.228473363514,1210.5363328779713,1236.5487060546875,7208454,0.0,0.0,0.022055634181460615,2.426155363243752,1154.991162109375,1241.7168036101477,1068.2655206086022,1183.5640271767184,1142.7216542842962,1163.1428407305073,1013.4351082235703,1244.467529296875
2021-01-05 00:00:00+05:30,1230.5494990475347,1246.8672381144677,1223.878470238677,1241.8759765625,8145280,0.0,0.0,0.004308176848779155,2.43660766961122,1162.2045654296876,1252.600754539497,1071.808376319878,1211.8321264426825,1147.041036659773,1179.4365815512278,1023.7389791059065,1240.7720947265625
2021-01-06 00:00:00+05:30,1247.827027477865,1249.7467613662925,1217.159325478739,1230.6453857421875,7161715,0.0,0.0,-0.009043246694729223,2.4145728253566565,1168.3837097167968,1259.7585960088006,1077.008823424793,1213.2718880685948,1155.223942507192,1184.2479152878934,1023.7389791059065,1257.2337646484375
2021-01-07 00:00:00+05:30,1243.987566556439,1245.5713704573716,1205.1129551015506,1211.49609375,10954918,0.0,0.0,-0.015560365491184003,2.377001189689026,1172.55673828125,1263.801442353474,1081.3120342090263,1217.5912270731437,1159.9991949200312,1188.7952109965875,1023.7389791059065,1257.0899658203125
2021-01-08 00:00:00+05:30,1226.95005222946,1263.9529737417747,1226.95005222946,1259.4415283203125,13186251,0.0,0.0,0.03957539344753869,2.471071946996237,1179.4845764160157,1274.9727524623422,1083.9964003696891,1224.6943332608848,1167.1023011077723,1195.8983171843286,1023.7389791059065,1238.6123046875
2021-01-11 00:00:00+05:30,1288.237431955797,1327.8319443131772,1286.2217347609464,1320.9688720703125,20528626,0.0,0.0,0.04885287833255547,2.591790924173835,1189.7071533203125,1298.9827010675394,1080.4316055730856,1258.145699845345,1199.0417863934736,1228.5937431194093,1023.7389791059065,1229.877685546875
2021-01-12 00:00:00+05:30,1322.6968009257678,1322.6968009257678,1305.4191939470568,1316.6976318359375,8309868,0.0,0.0,-0.003233414749342911,2.583410589172398,1199.6513732910157,1316.9408703883612,1082.3618761936702,1258.5535665744433,1209.1204259989586,1233.836996286701,1023.7389791059065,1240.580078125
2021-01-13 00:00:00+05:30,1318.713214605361,1336.9027640076197,1305.419080491956,1331.4794921875,14442997,0.0,0.0,0.011226465358604276,2.6124131586587938,1210.8122253417969,1333.6056305661093,1088.0188201174844,1271.0078595545851,1217.9751992892036,1244.4915294218945,1023.7389791059065,1239.476318359375
2021-01-14 00:00:00+05:30,1305.4191986273256,1328.4560080148667,1265.5366755066366,1315.497802734375,27521697,0.0,0.0,-0.012002955769802037,2.5810564790629633,1220.6412719726563,1343.912992218115,1097.3695517271976,1271.0078595545851,1219.5110381249096,1245.2594488397474,1023.7389791059065,1214.423583984375
2021-01-15 00:00:00+05:30,1305.419067093974,1309.6904282023584,1286.2217278720038,1290.9730224609375,15018441,0.0,0.0,-0.018642965592538863,2.532937931931393,1229.5560363769532,1345.8227140640745,1113.289358689832,1271.0078595545851,1219.5110381249096,1245.2594488397474,1029.043254669014,1215.527587890625
2021-01-18 00:00:00+05:30,1284.3020566760515,1286.2217906920098,1253.58631242072,1259.3935546875,8861765,0.0,0.0,-0.02446175653867544,2.470977820912911,1235.4232299804687,1345.0156742772886,1125.8307856836489,1271.0078595545851,1219.5110381249096,1245.2594488397474,1040.201792613184,1223.1585693359375
2021-01-19 00:00:00+05:30,1267.0243687254874,1277.5829051315332,1259.3454331574542,1263.808837890625,5585744,0.0,0.0,0.003505880418945395,2.479640773670898,1242.111102294922,1340.8409980742538,1143.38120651559,1271.0078595545851,1219.5110381249096,1245.2594488397474,1042.86085594762,1223.3984375
2021-01-20 00:00:00+05:30,1267.5523341615794,1294.2846049994964,1267.5523341615794,1285.6937255859375,8225838,0.0,0.0,0.01731661232235071,2.5225797516472506,1247.8199035644532,1342.6474026458543,1152.992404483052,1281.9264081185397,1221.3347921658833,1251.6306001422115,1043.2882620092932,1203.0013427734375
2021-01-21 00:00:00+05:30,1295.8203923489602,1306.4269690955794,1281.4223879895271,1285.9337158203125,6142421,0.0,0.0,0.00018666205613282472,2.523050621570452,1251.9785217285157,1345.8163293134191,1158.1407141436123,1295.24453821417,1221.3587577270791,1258.3016479706246,1046.493353615023,1216.151611328125
2021-01-22 00:00:00+05:30,1273.7435844236147,1301.5797290719076,1273.3116911165464,1287.0377197265625,9646591,0.0,0.0,0.0008585231825466444,2.525216719019809,1257.0082214355468,1346.9158975268426,1167.100545344251,1295.24453821417,1221.3587577270791,1258.3016479706246,1049.4847470517157,1252.146484375
2021-01-25 00:00:00+05:30,1291.0210535595827,1293.8046911613608,1260.305311021362,1271.919677734375,6542611,0.0,0.0,-0.011746386108558937,2.495554548430414,1261.078057861328,1345.7399228217541,1176.416192900902,1295.24453821417,1221.3587577270791,1258.3016479706246,1055.8000761422581,1289.6292724609375
2021-01-27 00:00:00+05:30,1266.640366545212,1274.2713788761075,1233.5249577438392,1248.786865234375,8133665,0.0,0.0,-0.018187321813595725,2.450167094754727,1263.5113159179687,1343.6547111406564,1183.3679206952809,1280.9904828793528,1221.3587577270791,1251.174620303216,1065.2096058332763,1276.958984375
2021-01-28 00:00:00+05:30,1239.9561961726884,1244.4194838370302,1221.4787570380656,1224.982177734375,4660690,0.0,0.0,-0.019062250062609642,2.403461396899335,1264.9223083496095,1341.1733522070995,1188.6712644921195,1265.5845926202119,1232.9011724987713,1249.2428825594916,1085.0575789902925,1263.8568115234375
2021-01-29 00:00:00+05:30,1234.6289172987829,1239.3322889894116,1181.596266040662,1189.3232421875,12183519,0.0,0.0,-0.029109758652021256,2.3334972157061453,1264.1184204101562,1343.180747006194,1185.0560938141184,1244.0116175681205,1256.8498893892584,1250.4307534786894,1091.824681215819,1282.142333984375
2021-02-01 00:00:00+05:30,1200.3617861860007,1226.6620496176693,1191.1950089904508,1210.29638671875,8880279,0.0,0.0,0.01763452002558563,2.3746473190861637,1264.1400207519532,1343.142612189316,1185.1374293145905,1244.0116175681205,1256.8498893892584,1250.4307534786894,1108.6223209022885,1291.5489501953125
2021-02-02 00:00:00+05:30,1228.6296705998031,1242.4517778283025,1212.887829510992,1220.2308349609375,6892490,0.0,0.0,0.008208277204826642,2.394139082544921,1263.3241271972656,1343.7891463201847,1182.8591080743465,1244.0116175681205,1259.2495150241407,1251.6305662961306,1108.6223209022885,1313.241943359375
2021-02-03 00:00:00+05:30,1226.374070786491,1251.6665422825652,1221.910665893946,1233.0931396484375,8182968,0.0,0.0,0.010540878265800968,2.4193754111654235,1262.8849853515626,1343.913444198431,1181.856526504694,1244.0116175681205,1259.2495150241407,1251.6305662961306,1108.6223209022885,1319.673095703125
2021-02-04 00:00:00+05:30,1233.429131519827,1241.4920379928096,1220.998900370294,1228.005859375,5032240,0.0,0.0,-0.004125625315609116,2.4093939747211572,1262.7530090332032,1344.0017685888727,1181.5042494775337,1241.5879975562848,1259.2495150241407,1250.4187562902127,1108.6223209022885,1318.47314453125
2021-02-05 00:00:00+05:30,1234.7730209547524,1237.0286851325727,1211.3522410376772,1221.046875,5477481,0.0,0.0,-0.005666898347326921,2.3957401839877503,1263.2305480957032,1343.3611967395461,1183.0998994518602,1237.7004786010114,1259.2495150241407,1248.4749968125761,1108.6223209022885,1328.455810546875
2021-02-08 00:00:00+05:30,1233.9090940717217,1257.4258368214355,1224.3104235616345,1251.2347412109375,6921922,0.0,0.0,0.024722938020653284,2.454969920070068,1262.8202087402344,1343.1098851506297,1182.5305323298392,1227.9338224583848,1259.2495150241407,1243.5916687412628,1108.6223209022885,1331.3355712890625
2021-02-09 00:00:00+05:30,1254.4500937750977,1278.542729890587,1245.763251331889,1253.154296875,7965949,0.0,0.0,0.0015341291292829684,2.458736160935961,1259.4294799804688,1335.160414548885,1183.6985454120527,1230.0694979656246,1259.2495150241407,1244.6595064948826,1111.813943257733,1283.438232421875
2021-02-10 00:00:00+05:30,1243.795669284926,1252.0024615934217,1232.085221922839,1244.467529296875,5951207,0.0,0.0,-0.006931921791105244,2.4416923941633906,1255.8179748535156,1326.9838699603174,1184.6520797467138,1230.0694979656246,1259.2495150241407,1244.6595064948826,1123.5723022554102,1290.4931640625
2021-02-11 00:00:00+05:30,1237.2685567599792,1243.9876257260923,1231.5573950072887,1240.7720947265625,4673317,0.0,0.0,-0.002969490551835041,2.4344418116684348,1251.2826049804687,1313.4895972112977,1189.0756127496397,1234.868869440519,1259.2495150241407,1247.0591922323297,1127.891684630887,1315.7857666015625
2021-02-12 00:00:00+05:30,1252.6263564687852,1270.623861590463,1249.3148623948994,1257.2337646484375,5797875,0.0,0.0,0.013267279294754575,2.466740231110668,1248.369403076172,1303.221980540098,1193.5168256122458,1244.9474854641321,1259.2495150241407,1252.0985002441364,1129.3314462567994,1316.505615234375
2021-02-15 00:00:00+05:30,1267.0245668305238,1275.0874738718824,1254.6422578567883,1257.0899658203125,4363513,0.0,0.0,-0.00011437716053164237,2.4664580923672643,1246.6752502441407,1298.1105239745052,1195.2399765137761,1244.9474854641321,1259.2495150241407,1252.0985002441364,1129.3314462567994,1299.4197998046875
2021-02-16 00:00:00+05:30,1261.2651407058036,1266.784375530049,1234.3888667790436,1238.6123046875,6896421,0.0,0.0,-0.014698757953059416,2.4302042218661932,1245.6361877441407,1296.8383444238732,1194.4340310644081,1244.9474854641321,1259.2495150241407,1252.0985002441364,1136.4345524445405,1280.270751953125
2021-02-17 00:00:00+05:30,1238.6124521789388,1242.5478836097293,1223.8304763247625,1229.877685546875,4575741,0.0,0.0,-0.007051939583975542,2.4130665685168706,1243.939630126953,1294.865647675598,1193.013612578308,1244.9474854641321,1259.2495150241407,1252.0985002441364,1168.3740377302418,1282.57421875
2021-02-18 00:00:00+05:30,1224.7903125782154,1253.5863230620291,1223.8304455620882,1240.580078125,6437551,0.0,0.0,0.008701997526986638,2.4340650678285587,1241.6839477539063,1288.8291282074504,1194.5387673003622,1251.1865877263376,1259.2495150241407,1255.2180513752392,1168.3740377302418,1329.7037353515625
2021-02-19 00:00:00+05:30,1244.083609710109,1247.3471809822531,1225.55824669778,1239.476318359375,5389696,0.0,0.0,-0.0008897126312823467,2.4318994493923487,1239.3610778808593,1281.857416385517,1196.8647393762017,1251.1865877263376,1255.0261370277644,1253.106362377051,1172.909447577463,1313.1461181640625
2021-02-22 00:00:00+05:30,1243.0276651552924,1256.0339088290873,1209.432322853798,1214.423583984375,7371303,0.0,0.0,-0.020212354204686145,2.382745036331049,1235.73037109375,1273.397086995415,1198.0636551920848,1242.2598983628402,1245.64334712151,1243.951622742175,1172.909447577463,1329.607666015625
2021-02-23 00:00:00+05:30,1220.1349964951132,1239.1883335731973,1207.0808283440876,1215.527587890625,6612942,0.0,0.0,0.0009090764711829902,2.3849111337804056,1232.9107666015625,1267.6146012874365,1198.2069319156885,1241.084151107985,1244.0116175681205,1242.5478843380529,1175.9810635100807,1353.3165283203125
2021-02-24 00:00:00+05:30,1209.4804645370982,1225.366193141061,1201.7534882910024,1223.1585693359375,4537258,0.0,0.0,0.006277917112975651,2.399883408200092,1231.6293518066407,1265.775852132278,1197.4828514810033,1238.4204810814424,1244.0116175681205,1241.2160493247816,1180.4444285885165,1354.42041015625
2021-02-25 00:00:00+05:30,1236.7404940354663,1247.5870371686392,1220.9507299700012,1223.3984375,8788221,0.0,0.0,0.0001961055337189599,2.40035403861672,1231.5501647949218,1265.7659845810254,1197.3343450088182,1238.4204810814424,1244.0116175681205,1241.2160493247816,1185.81975641287,1372.8016357421875
2021-02-26 00:00:00+05:30,1218.0712076145849,1223.1585495188326,1194.794433158593,1203.0013427734375,15132388,0.0,0.0,-0.016672487148376436,2.3603341667563296,1232.2340698242188,1263.4285534105336,1201.039586237904,1230.789404344321,1244.0116175681205,1237.4005109562208,1185.81975641287,1382.0643310546875
2021-03-01 00:00:00+05:30,1212.6001499394026,1232.94928551774,1208.4726745557296,1216.151611328125,5756286,0.0,0.0,0.010931216854979109,2.3861354913833592,1232.5268310546876,1262.9856312584884,1202.0680308508868,1225.4141709938401,1241.5879975562848,1233.5010842750626,1185.81975641287,1383.2164306640625
2021-03-02 00:00:00+05:30,1230.78944391709,1257.425752802798,1227.861802738624,1252.146484375,10461434,0.0,0.0,0.029597356704207378,2.456758794666402,1234.1226135253905,1265.1822422019266,1203.0629848488545,1226.1100929806953,1237.7004786010114,1231.9052857908532,1185.81975641287,1368.5303955078125
2021-03-03 00:00:00+05:30,1266.2564187647374,1292.9407665312117,1255.5059559189494,1289.6292724609375,9056399,0.0,0.0,0.029934826758425848,2.5303014435719797,1236.9494201660157,1276.3843865555805,1197.5144537764509,1243.8675998449023,1237.2685162859368,1240.5680580654196,1190.1390849287125,1341.078125
2021-03-04 00:00:00+05:30,1281.4223891647696,1309.1145274738913,1272.6876232796212,1276.958984375,12041941,0.0,0.0,-0.009824752241982981,2.505441858791353,1239.3970764160156,1282.2733570269063,1196.5207958051249,1251.954480316242,1245.3553967572766,1248.6549385367593,1192.0587996063489,1306.1390380859375
2021-03-05 00:00:00+05:30,1275.1832888081535,1286.221759129037,1252.6744548919005,1263.8568115234375,6486176,0.0,0.0,-0.010260449248473913,2.4797348997542223,1241.5375732421876,1284.8126273147232,1198.262519169652,1251.954480316242,1245.3553967572766,1248.6549385367593,1192.0587996063489,1299.4197998046875
2021-03-08 00:00:00+05:30,1271.631837295232,1292.076933912831,1264.336754422319,1282.142333984375,5119392,0.0,0.0,0.01446803332008506,2.515611786908844,1243.0829528808595,1289.7457779107265,1196.4201278509925,1251.954480316242,1250.1547682321711,1251.0546242742066,1192.0587996063489,1307.8668212890625
2021-03-09 00:00:00+05:30,1276.143039629145,1296.25220425386,1265.8244704858482,1291.5489501953125,6518173,0.0,0.0,0.007336639592661731,2.534067923944446,1245.002685546875,1296.1587354164153,1193.8466356773347,1251.954480316242,1251.954480316242,1251.954480316242,1192.0587996063489,1297.1162109375
2021-03-10 00:00:00+05:30,1302.4434405642448,1318.857141378592,1300.6196699912607,1313.241943359375,7925984,0.0,0.0,0.01679610607153692,2.5766303975874965,1248.44140625,1307.6915647909536,1189.1912477090464,1256.8257872685924,1256.8257872685924,1256.8257872685924,1192.0587996063489,1296.876220703125
2021-03-12 00:00:00+05:30,1317.897365222111,1335.846830902516,1315.065804496002,1319.673095703125,9462061,0.0,0.0,0.004897157280324693,2.589248561897748,1252.386456298828,1319.1820672988752,1185.590845298781,1272.1597527291228,1265.3206320305544,1268.7401923798386,1192.0587996063489,1280.270751953125
2021-03-15 00:00:00+05:30,1315.0176471408963,1324.5203528428074,1303.9791778400788,1318.47314453125,6658635,0.0,0.0,-0.0009092791053951776,2.5868942122817398,1255.4484252929688,1328.2635490171826,1182.6333015687549,1281.8543168205701,1265.3206320305544,1273.5874744255623,1192.0587996063489,1289.6292724609375
2021-03-16 00:00:00+05:30,1330.4235845914036,1349.5728826798456,1325.0962763439024,1328.455810546875,9352771,0.0,0.0,0.0075713836546698055,2.6064805808369695,1259.0167175292968,1338.563526025625,1179.4699090329686,1301.1236687858732,1272.1836579192193,1286.6536633525461,1192.0587996063489,1294.380615234375
2021-03-17 00:00:00+05:30,1336.3748731991327,1343.813842685427,1326.5362361366144,1331.3355712890625,7626744,0.0,0.0,0.0021677504959702887,2.612130780408816,1263.652880859375,1348.5884577168838,1178.7173040018663,1301.1236687858732,1272.1836579192193,1286.6536633525461,1192.0587996063489,1301.57958984375
2021-03-18 00:00:00+05:30,1337.8147252258473,1337.8147252258473,1260.7853930648614,1283.438232421875,10961755,0.0,0.0,-0.035976909128035306,2.518154388691504,1266.330908203125,1350.1971679655533,1182.464648440697,1301.1236687858732,1272.1836579192193,1286.6536633525461,1192.0587996063489,1301.91552734375
2021-03-19 00:00:00+05:30,1276.6231325361591,1300.8117344946531,1265.1047283328253,1290.4931640625,12767112,0.0,0.0,0.005496900016226158,2.531996431591562,1268.8265625,1352.4467269248032,1185.2063980751966,1305.1791378723535,1272.1836579192193,1288.6813978957864,1192.0587996063489,1299.995849609375
2021-03-22 00:00:00+05:30,1295.9164488531685,1320.7770282701226,1282.478310484141,1315.7857666015625,4862758,0.0,0.0,0.019599175914609912,2.5816214750694897,1272.6420349121095,1357.5251967587408,1187.7588730654782,1305.1791378723535,1272.1836579192193,1288.6813978957864,1192.0587996063489,1297.7882080078125
2021-03-23 00:00:00+05:30,1317.369401787204,1327.7360121337824,1305.0351344165267,1316.505615234375,7165335,0.0,0.0,0.0005470865022896287,2.5830338453325212,1277.7461364746093,1360.2295874729493,1195.2626854762693,1305.1791378723535,1272.1836579192193,1288.6813978957864,1198.8019438278557,1276.0472412109375
2021-03-24 00:00:00+05:30,1303.3552306117665,1315.449529967942,1292.2207981437198,1299.4197998046875,6134303,0.0,0.0,-0.0129781561369533,2.549510828780761,1281.9407470703125,1359.6880485928168,1204.193445547808,1305.1791378723535,1272.1836579192193,1288.6813978957864,1203.5771962406948,1287.6614990234375
2021-03-25 00:00:00+05:30,1292.7009837102307,1298.220219393419,1274.3195057832706,1280.270751953125,8749994,0.0,0.0,-0.01473661387523939,2.5119396721262772,1284.7963562011719,1357.690782682161,1211.9019297201828,1305.1791378723535,1272.1836579192193,1288.6813978957864,1203.5771962406948,1306.9549560546875
2021-03-26 00:00:00+05:30,1290.7330881241635,1302.251491946512,1278.5428242806831,1282.57421875,4922071,0.0,0.0,0.0017992028587396902,2.5164591611653484,1287.755145263672,1354.9637769019755,1220.5465136253683,1305.1791378723535,1272.1836579192193,1288.6813978957864,1203.5771962406948,1298.26806640625
2021-03-30 00:00:00+05:30,1292.8448209639075,1343.813732676159,1282.5262512308584,1329.7037353515625,10546381,0.0,0.0,0.03674603458620518,2.608929056536303,1294.090264892578,1351.170283662005,1237.010246123151,1302.2996178751441,1272.1836579192193,1287.2416378971816,1213.6558358461798,1285.7899169921875
2021-03-31 00:00:00+05:30,1326.5362161693347,1332.2954182655835,1308.5867498378657,1313.1461181640625,8220987,0.0,0.0,-0.012452110005633954,2.576442384927418,1298.939990234375,1343.7535248401168,1254.1264556286333,1302.2995628705103,1272.1836579192193,1287.241610394865,1217.9751992892036,1277.2470703125
2021-04-01 00:00:00+05:30,1324.616404692534,1335.7508379933786,1315.977602053235,1329.607666015625,5675155,0.0,0.0,0.01253596048745731,2.6087405648630786,1302.8130493164062,1343.9838347195712,1261.6422639132413,1304.459230504492,1272.1836579192193,1288.3214442118556,1219.5110381249096,1273.7435302734375
2021-04-05 00:00:00+05:30,1335.1750182966937,1367.8104968172454,1331.335550235452,1353.3165283203125,9479572,0.0,0.0,0.01783147232877713,2.655258250058393,1305.997412109375,1352.199042755122,1259.7957814636281,1321.065001300258,1281.3024649879192,1301.1837331440886,1219.5110381249096,1263.5689697265625
2021-04-06 00:00:00+05:30,1365.8907742166884,1368.770375286717,1350.0049281118595,1354.42041015625,5793571,0.0,0.0,0.0008156863622346133,2.6574241080011767,1309.8704833984375,1358.6304053303431,1261.1105614665319,1321.5449405349937,1281.7824042226548,1301.6636723788242,1219.5110381249096,1276.0472412109375
2021-04-07 00:00:00+05:30,1353.6523373666098,1377.3610036574446,1350.148799639582,1372.8016357421875,5879234,0.0,0.0,0.01357128514020034,2.693488768309303,1315.317724609375,1366.6031089196665,1264.0323402990837,1325.8402547203577,1286.0777184080189,1305.9589865641883,1219.5110381249096,1286.2216796875
2021-04-08 00:00:00+05:30,1372.6096655340357,1393.438730373289,1363.970863443262,1382.0643310546875,5654434,0.0,0.0,0.006747293324349979,2.711662527094928,1320.3138244628906,1376.94860830524,1263.6790406205412,1333.8791180782798,1300.9557024645092,1317.4174102713946,1221.3347921658833,1283.3421630859375
2021-04-09 00:00:00+05:30,1396.6065288661275,1396.6065288661275,1372.6578933324286,1383.2164306640625,6052712,0.0,0.0,0.0008336078021027316,2.713922990134184,1324.897198486328,1386.177416422551,1263.6169805501052,1337.5746765734052,1312.2341658023756,1324.9044211878904,1221.3587577270791,1285.5499267578125
2021-04-12 00:00:00+05:30,1414.8439789433742,1418.251553712321,1358.2118251050708,1368.5303955078125,20384532,0.0,0.0,-0.010617308203315301,2.6851084333078665,1327.66162109375,1391.550865382099,1263.772376805401,1350.3889024715897,1335.4630043021107,1342.9259533868503,1221.3587577270791,1300.139892578125
2021-04-13 00:00:00+05:30,1375.4893315275506,1377.6490321527683,1319.8170487441605,1341.078125,14855206,0.0,0.0,-0.020059671745636276,2.631246039534271,1328.7318725585938,1392.7685434504633,1264.6952016667242,1363.4191517750933,1335.4630043021107,1349.441078038602,1221.3587577270791,1293.94873046875
2021-04-15 00:00:00+05:30,1278.8308684315375,1311.5623101442477,1267.0244573018097,1306.1390380859375,25342491,0.0,0.0,-0.0260529839855993,2.562694228604113,1328.115167236328,1392.776464467843,1263.453870004813,1342.6380055070654,1335.4630043021107,1339.050504904588,1221.3587577270791,1306.9549560546875
2021-04-16 00:00:00+05:30,1310.2183022961392,1315.833500157444,1292.5567281203146,1299.4197998046875,10879878,0.0,0.0,-0.0051443514704963,2.549510828780761,1326.6633666992188,1392.5346380586002,1260.7920953398375,1342.6380055070654,1339.5184733885912,1341.0782394478283,1232.9011724987713,1341.1741943359375
2021-04-19 00:00:00+05:30,1286.2217736769633,1324.328446521126,1278.8787677288085,1307.8668212890625,12508028,0.0,0.0,0.00650061010740699,2.566084204643277,1325.4899291992188,1391.8260292119846,1259.1538291864529,1342.6380055070654,1339.5184733885912,1341.0782394478283,1256.8498893892584,1345.9735107421875
2021-04-20 00:00:00+05:30,1323.6565561835546,1323.6565561835546,1288.5254483949511,1297.1162109375,8560766,0.0,0.0,-0.008219958008389927,2.5449911002351167,1326.173828125,1391.0107179310842,1261.3369383189158,1342.6380055070654,1339.5184733885912,1341.0782394478283,1256.8498893892584,1348.6611328125
2021-04-22 00:00:00+05:30,1301.1476989597045,1310.0264683019225,1291.1650591839316,1296.876220703125,6622446,0.0,0.0,-0.00018501829855444019,2.5445202303119148,1326.4929809570312,1390.6767038292496,1262.3092580848129,1342.6380055070654,1339.5184733885912,1341.0782394478283,1259.2495150241407,1352.2509765625
2021-04-23 00:00:00+05:30,1289.101482177717,1294.2847878187918,1277.5830772736715,1280.270751953125,7316262,0.0,0.0,-0.012804204815319298,2.5119396721262777,1324.7172302246095,1391.915413447911,1257.5190470013079,1342.6380055070654,1339.5184733885912,1341.0782394478283,1259.2495150241407,1345.8958740234375
2021-04-26 00:00:00+05:30,1278.7827291842664,1297.0682412364513,1267.984226123037,1289.6292724609375,7088606,0.0,0.0,0.007309797941986496,2.5303014435719806,1323.3734130859375,1392.2471248393779,1254.4997013324971,1342.6380055070654,1339.5184733885912,1341.0782394478283,1259.2495150241407,1337.6005859375
2021-04-27 00:00:00+05:30,1291.9809477979004,1298.7000166200291,1286.3657494308022,1294.380615234375,3636115,0.0,0.0,0.0036842702588246734,2.539623757926394,1323.1214538574218,1392.3838316026029,1253.8590761122407,1322.336744727289,1339.5184733885912,1330.9276090579401,1265.5845743602538,1348.2730712890625
2021-04-28 00:00:00+05:30,1303.499323752074,1304.9391241833173,1290.6370831320507,1301.57958984375,4879234,0.0,0.0,0.005561713861166995,2.553748418583002,1324.1868957519532,1391.3825518837782,1256.9912396201282,1295.6764519114677,1339.5184733885912,1317.5974626500295,1265.5845743602538,1344.3922119140625
2021-04-29 00:00:00+05:30,1313.0980008584118,1314.0578678181034,1297.1642327617794,1301.91552734375,5412357,0.0,0.0,0.00025809985238045563,2.5544075406728552,1325.1539611816406,1390.4352668131628,1259.8726555501185,1296.1563363220814,1341.678141022573,1318.9172386723271,1265.5845743602538,1348.2730712890625
2021-04-30 00:00:00+05:30,1292.2689905526615,1318.7612963508848,1291.885020317938,1299.995849609375,8354677,0.0,0.0,-0.001474502526513155,2.550641060300389,1323.6685668945313,1389.8237870333637,1257.5133467556989,1296.1563363220814,1342.6380055070654,1319.3971709145735,1265.5845743602538,1370.879150390625
2021-05-03 00:00:00+05:30,1286.9897043926967,1306.3789706819994,1284.302029957763,1297.7882080078125,4560337,0.0,0.0,-0.001698191269015048,2.5463095839213956,1322.9006713867188,1389.8869905693093,1255.9143522041284,1295.8203911532958,1342.6380055070654,1319.2291983301807,1265.5845743602538,1373.1593017578125
2021-05-04 00:00:00+05:30,1299.659946494381,1300.5717732958665,1270.9598991308942,1276.0472412109375,4887060,0.0,0.0,-0.016752322653824092,2.50365298419502,1320.2226501464843,1390.1721010648623,1250.2731992281063,1293.3727612369607,1342.6380055070654,1318.005383372013,1265.5845743602538,1381.891357421875
2021-05-05 00:00:00+05:30,1287.2775288134803,1289.965203111924,1274.5113688240156,1287.6614990234375,3939788,0.0,0.0,0.00910174595219404,2.5264405976096156,1316.9398986816407,1386.5263638753681,1247.3534334879132,1293.3727612369607,1342.6380055070654,1318.005383372013,1265.5845743602538,1403.8184814453125
2021-05-06 00:00:00+05:30,1291.0211864076282,1309.9305204850157,1283.7262202383895,1306.9549560546875,4810090,0.0,0.0,0.014983329893673236,2.5642950905403694,1314.5666259765626,1382.061991834363,1247.0712601187622,1293.3727612369607,1342.6380055070654,1318.005383372013,1265.5845743602538,1418.2747802734375
2021-05-07 00:00:00+05:30,1310.5063697954824,1317.9453385222707,1294.3805584611678,1298.26806640625,4991435,0.0,0.0,-0.006646663382080642,2.5472510842612257,1310.8399475097656,1373.0290581767283,1248.6508368428028,1294.8605977408895,1342.6380055070654,1318.7493016239773,1265.5845743602538,1430.0145263671875
2021-05-10 00:00:00+05:30,1295.676477022206,1298.604118309643,1281.470515390488,1285.7899169921875,7195348,0.0,0.0,-0.009611381298627597,2.5227684828270487,1306.0262268066406,1359.644957767711,1252.40749584557,1294.8605977408895,1342.6380055070654,1318.7493016239773,1265.5845743602538,1436.5150146484375
2021-05-11 00:00:00+05:30,1283.2462391720717,1287.1816705096974,1271.9197614966936,1277.2470703125,6420988,0.0,0.0,-0.006644045474918259,2.5060070943044552,1300.7277587890626,1342.2511760924021,1259.204341485723,1294.8605977408895,1342.6380055070654,1318.7493016239773,1265.5845743602538,1450.77734375
2021-05-12 00:00:00+05:30,1276.6231313215312,1276.6231313215312,1261.7451925730472,1273.7435302734375,5241898,0.0,0.0,-0.0027430401842341023,2.4991330161428023,1295.9884155273437,1325.1617619621688,1266.8150690925186,1290.253244461966,1339.9983731426842,1315.125808802325,1265.5845743602538,1458.5391845703125
2021-05-14 00:00:00+05:30,1273.5995332262985,1273.5995332262985,1258.673671354305,1263.5689697265625,4824609,0.0,0.0,-0.007987919314252245,2.4791701432542697,1292.1129577636718,1316.4396362153716,1267.786279311972,1288.3095049382878,1338.462612533313,1313.3860587358004,1274.7033814289537,1455.62841796875
2021-05-17 00:00:00+05:30,1267.3124747536851,1281.374432874975,1267.3124747536851,1276.0472412109375,5017129,0.0,0.0,0.009875417791460395,2.5036529841950204,1290.6083679199219,1315.001863724475,1266.2148721153687,1288.3095049382878,1338.462612533313,1313.3860587358004,1275.1833206636893,1466.83447265625
2021-05-18 00:00:00+05:30,1284.3019458372205,1290.6370441088927,1276.143076973531,1286.2216796875,5620150,0.0,0.0,0.007973402667214025,2.5236156175769793,1289.9484619140626,1314.0622368856218,1265.8346869425034,1288.3095049382878,1338.462612533313,1313.3860587358004,1279.4786348490534,1458.3934326171875
2021-05-19 00:00:00+05:30,1288.1414980264235,1302.9713961240195,1279.7426618805732,1283.3421630859375,4435878,0.0,0.0,-0.0022387405274199024,2.51796589701828,1288.7222290039062,1311.5104148400194,1265.934043167793,1288.3095049382878,1338.462612533313,1313.3860587358004,1287.5174982069755,1512.7745361328125
2021-05-20 00:00:00+05:30,1294.28469306969,1294.9565531047324,1281.4224517675084,1285.5499267578125,4490092,0.0,0.0,0.0017203234923461874,2.522297612903847,1288.1439147949218,1310.6325265504818,1265.6553030393618,1288.3095049382878,1338.462612533313,1313.3860587358004,1289.1013974533948,1527.3280029296875
2021-05-21 00:00:00+05:30,1293.420823365835,1303.0194936691064,1292.3169528467051,1300.139892578125,4969733,0.0,0.0,0.011349202015909832,2.5509236780569395,1288.3070983886719,1311.0954322236455,1265.5187645536982,1280.8465825117057,1318.1613517535366,1299.5039671326213,1299.9239098764915,1524.9996337890625
2021-05-24 00:00:00+05:30,1302.2035630702246,1308.2986949646777,1291.117052572342,1293.94873046875,4225371,0.0,0.0,-0.0047619199631649956,2.53877638366989,1288.9909973144531,1311.5917521848403,1266.390242444066,1283.4861831594912,1291.5010589377155,1287.4936210486035,1299.9239098764915,1516.510009765625
2021-05-25 00:00:00+05:30,1303.4994580978134,1313.0981286287251,1300.0918831908311,1306.9549560546875,4099340,0.0,0.0,0.01005157722224892,2.56429509054037,1289.8572814941406,1313.7931209211292,1265.921442067152,1285.885899991515,1291.5010589377155,1288.6934794646154,1299.9239098764915,1533.7315673828125
2021-05-26 00:00:00+05:30,1313.0021207197276,1343.813828642199,1307.3869220842976,1341.1741943359375,6850024,0.0,0.0,0.026182415945342097,2.6314345312074967,1292.1969604492188,1325.046653415252,1259.3472674831855,1301.243749998252,1301.243749998252,1301.243749998252,1299.9239098764915,1513.9388427734375
2021-05-27 00:00:00+05:30,1347.8452045375768,1359.411648841949,1335.846866948504,1345.9735107421875,15365391,0.0,0.0,0.0035784437446817474,2.6408509716452357,1294.4166564941406,1334.7415139360724,1254.091799052209,1313.3620617978172,1309.042660098127,1311.202360947972,1304.723281351386,1521.11865234375
2021-05-28 00:00:00+05:30,1353.1724607021442,1357.2518953238744,1340.0702531298646,1348.6611328125,4261312,0.0,0.0,0.0019967867486712088,2.6461241878706323,1296.7539367675781,1343.525389055982,1249.9824844791742,1317.77736290774,1309.042660098127,1313.4100115029337,1306.522993435457,1531.9366455078125
2021-05-31 00:00:00+05:30,1359.7702196608743,1359.7702196608743,1341.8210587163676,1352.2509765625,4429904,15.0,0.0,0.0026617833513995492,2.653167597179642,1299.3666931152343,1352.0977704658167,1246.635615764652,1319.7564407707237,1309.2219455075897,1314.4891931391567,1306.522993435457,1515.685302734375
2021-06-01 00:00:00+05:30,1358.314799565151,1359.285024421983,1337.6005225589126,1345.8958740234375,4791325,0.0,0.0,-0.004699647217277336,2.640698645464586,1301.7720764160156,1358.291090677748,1245.2530621542833,1320.5963357141914,1309.2219455075897,1314.9091406108905,1306.522993435457,1518.0137939453125
2021-06-02 00:00:00+05:30,1339.6380345462564,1350.5045060833954,1324.3569923270975,1337.6005859375,9272276,0.0,0.0,-0.0061633951377972895,2.624422976272742,1304.8497436523437,1362.1370957577312,1247.5623915469562,1325.443636116608,1309.2219455075897,1317.332790812099,1306.522993435457,1514.2784423828125
2021-06-03 00:00:00+05:30,1346.769175302715,1357.344650519988,1336.048261097315,1348.2730712890625,5115645,0.0,0.0,0.007978828256928638,2.6453627964739597,1307.880322265625,1367.5980953376109,1248.162549193639,1325.443636116608,1309.2219455075897,1317.332790812099,1306.522993435457,1516.364501953125
2021-06-04 00:00:00+05:30,1352.4450078553598,1355.3072424900038,1336.630412393393,1344.3922119140625,4194328,0.0,0.0,-0.002878392706671451,2.637748403494089,1309.7521850585938,1371.5697619725024,1247.9346081446852,1329.9310514258527,1309.2219455075897,1319.5764984667212,1306.522993435457,1501.7625732421875
2021-06-07 00:00:00+05:30,1349.5828512318108,1350.5530761428329,1336.2908173250703,1348.2730712890625,5154576,0.0,0.0,0.002886701767986777,2.6453627964739597,1312.2524353027343,1376.0449812712757,1248.459889334193,1333.578570872586,1309.2219455075897,1321.4002581900877,1306.522993435457,1498.948974609375
2021-06-08 00:00:00+05:30,1354.433886605881,1379.4171764197074,1353.9973327989287,1370.879150390625,7360630,0.0,0.0,0.01676669183932389,2.6897167792856504,1316.5068969726562,1383.9580060481608,1249.0557878971517,1351.8870843734026,1319.045423887006,1335.4662541302043,1306.522993435457,1529.9476318359375
2021-06-09 00:00:00+05:30,1371.315850823223,1382.5704355942632,1362.7778246186251,1373.1593017578125,5394317,0.0,0.0,0.001663276713004036,2.6941905225692127,1321.302508544922,1390.5407788790928,1252.064238210751,1353.4637139606803,1320.6220534742843,1337.0428837174823,1306.522993435457,1533.7315673828125
2021-06-10 00:00:00+05:30,1381.6002425807771,1386.451367028041,1376.749118133513,1381.891357421875,3496575,0.0,0.0,0.006359098797120266,2.7113231462804954,1326.7098999023438,1397.141525576704,1256.2782742279835,1355.4041796775691,1322.5625191911731,1338.9833494343711,1306.522993435457,1509.13623046875
2021-06-11 00:00:00+05:30,1387.5186551710983,1408.378491263296,1386.8879852765274,1403.8184814453125,6140828,0.0,0.0,0.015867473159645318,2.7543449935312263,1333.7223754882812,1405.5404904774446,1261.9042604991178,1366.3677417951967,1333.5260813088005,1349.9469115519987,1306.522993435457,1495.795654296875
2021-06-14 00:00:00+05:30,1427.20080181604,1433.0221511096472,1410.173307757977,1418.2747802734375,7132294,0.0,0.0,0.010297840510862466,2.7827087989865036,1340.8337524414062,1416.5057266964159,1265.1617781863965,1378.6895717183725,1345.847911231976,1362.2687414751742,1306.522993435457,1503.897216796875
2021-06-15 00:00:00+05:30,1420.4092760184558,1432.0519750022136,1419.4390511031424,1430.0145263671875,5403104,0.0,0.0,0.008277483501107241,2.8057426251585005,1348.0233947753907,1428.7838431185426,1267.2629464322388,1384.535206103481,1345.847911231976,1365.1915586677285,1306.522993435457,1542.8515625
2021-06-16 00:00:00+05:30,1428.850213977075,1445.1014816335123,1423.805091690834,1436.5150146484375,7661710,0.0,0.0,0.004545749823789524,2.8184968292024135,1355.6820373535156,1439.4822078811378,1271.8818668258934,1390.6961494792913,1351.8875764939087,1371.2918629865999,1306.522993435457,1543.0941162109375
2021-06-17 00:00:00+05:30,1431.1787296625976,1457.908473094609,1431.1787296625976,1450.77734375,7677951,0.0,0.0,0.009928423271686526,2.8464800587126415,1363.943408203125,1451.0090761202896,1276.8777402859605,1397.0996452098398,1358.291072224457,1377.6953587171483,1306.522993435457,1556.1436767578125
2021-06-18 00:00:00+05:30,1464.0694192967717,1470.6669961947057,1443.112584496952,1458.5391845703125,13533974,0.0,0.0,0.005350125471528022,2.8617090841789565,1371.8633728027344,1463.038775180051,1280.6879704254177,1412.3321644968173,1364.6703337745053,1388.5012491356613,1306.522993435457,1554.8341064453125
2021-06-21 00:00:00+05:30,1448.5457290525708,1460.9646547469074,1440.0077028332576,1455.62841796875,5454052,0.0,0.0,-0.001995672541646565,2.85599804993748,1379.9473571777344,1470.7214634653722,1289.1732508900966,1416.7224104066654,1368.9897354741954,1392.8560729404303,1306.522993435457,1557.7930908203125
2021-06-22 00:00:00+05:30,1464.7484654607429,1476.1486078902396,1457.374780001987,1466.83447265625,6427862,0.0,0.0,0.007698430828340985,2.8779847533708005,1387.9413330078125,1479.7600967885016,1296.1225692271234,1426.4488630118763,1376.1458424318853,1401.2973527218808,1306.522993435457,1568.8536376953125
2021-06-23 00:00:00+05:30,1479.5928208218336,1479.5928208218336,1454.0274210147622,1458.3934326171875,5529809,0.0,0.0,-0.005754596170471027,2.8614231133303787,1393.802294921875,1487.8933306343376,1299.7112592094124,1433.2404030491805,1379.6677413512034,1406.454072200192,1306.522993435457,1562.5472412109375
2021-06-24 00:00:00+05:30,1471.831094907792,1522.0402308085688,1466.2037434132517,1512.7745361328125,10785137,0.0,0.0,0.03728836286517989,2.9681208966910546,1402.1423461914062,1506.8858123669957,1297.3988800158168,1466.106769283273,1401.7313412880385,1433.9190552856558,1313.3621141340254,1582.970458984375
2021-06-25 00:00:00+05:30,1525.1935555061682,1531.014904954665,1497.057033171767,1527.3280029296875,9780240,0.0,0.0,0.0096203805982078,2.9966753493787164,1411.0756896972657,1526.1355527974415,1296.01582659709,1475.2269780289039,1411.0659787635036,1443.1464783962037,1323.0566782254725,1605.916259765625
2021-06-28 00:00:00+05:30,1526.0668575539314,1533.1009884875791,1514.1330432163743,1524.9996337890625,5019178,0.0,0.0,-0.0015244722392038224,2.9921070009986823,1419.7131225585938,1541.6212351925046,1297.805009924683,1478.4530400892065,1412.1090205299606,1445.2810303095835,1335.4630043021107,1600.1434326171875
2021-06-29 00:00:00+05:30,1514.5210014349636,1526.7943695603722,1512.7745493184973,1516.510009765625,5913567,0.0,0.0,-0.005566967909588216,2.9754500373420685,1428.243829345703,1552.1793924590118,1304.3082662323943,1482.1398590750882,1416.5964358392052,1449.3681474571467,1335.4630043021107,1604.3154296875
2021-06-30 00:00:00+05:30,1525.2420995183927,1543.6278139762164,1525.2420995183927,1533.7315673828125,6058722,0.0,0.0,0.011356046123196517,3.009239385203392,1438.0503784179687,1562.7893324713932,1313.311424364544,1491.817758404737,1425.507368030257,1458.662563217497,1335.4630043021107,1601.065185546875
2021-07-01 00:00:00+05:30,1529.8989937931608,1529.8989937931608,1512.6290629449516,1513.9388427734375,4814317,0.0,0.0,-0.012904947013087642,2.9704053103876458,1446.3336669921875,1568.0593081490397,1324.6080258353354,1491.817758404737,1433.992403151657,1462.905080778197,1338.462612533313,1613.775146484375
2021-07-02 00:00:00+05:30,1512.5320671921245,1522.7194286873275,1496.6689136938678,1521.11865234375,5166064,0.0,0.0,0.004742470017586431,2.984492368512239,1455.169989013672,1571.4929409482672,1338.8470370790767,1498.8276174954894,1433.992403151657,1466.4100103235733,1338.462612533313,1627.3096923828125
2021-07-05 00:00:00+05:30,1522.4285120090633,1537.806553860536,1514.569713559748,1531.9366455078125,4058338,0.0,0.0,0.0071118667484577625,3.005717680548887,1464.3531677246094,1574.221865675481,1354.4844697737378,1498.8276174954894,1433.992403151657,1466.4100103235733,1338.462612533313,1627.6009521484375
2021-07-06 00:00:00+05:30,1526.84288916777,1539.504371581668,1510.7371793945229,1515.685302734375,4089574,0.0,0.0,-0.010608364791776626,2.973831930932532,1471.5934753417969,1574.6725964997866,1368.5143541838072,1504.915778694734,1433.992403151657,1469.4540909231955,1338.462612533313,1639.2919921875
2021-07-07 00:00:00+05:30,1519.4206910552573,1523.786702930079,1498.657855341197,1518.0137939453125,4797120,0.0,0.0,0.0015362629740729439,2.9784005188191394,1478.836199951172,1573.121911187313,1384.550488715031,1520.1483638350421,1433.992403151657,1477.0703834933497,1338.462612533313,1661.218994140625
2021-07-08 00:00:00+05:30,1521.312572581291,1529.0743714209916,1502.8783003370029,1514.2784423828125,3326813,0.0,0.0,-0.0024606835441144392,2.971071617674699,1485.4555541992188,1569.5171759757181,1401.3939324227194,1520.1483638350421,1439.8380375367656,1479.993200685904,1338.462612533313,1653.6512451171875
2021-07-09 00:00:00+05:30,1509.6699265352142,1523.1560761727565,1504.8188020926204,1516.364501953125,3436594,0.0,0.0,0.0013775931241746253,2.9751645455066384,1491.0828552246094,1567.1351632723927,1415.030547176826,1520.1483638350421,1439.9593156506435,1480.0538397428427,1338.462612533313,1689.792236328125
2021-07-12 00:00:00+05:30,1523.7867493204078,1531.0148773811834,1488.08242597173,1501.7625732421875,4588982,0.0,0.0,-0.009629563796916707,2.9465150087093575,1495.2572448730468,1563.5561452856023,1426.9583444604914,1515.8551199739732,1439.9593156506435,1477.9072178123083,1338.462612533313,1681.836181640625
2021-07-13 00:00:00+05:30,1510.0581212406694,1510.0581212406694,1490.556623621694,1498.948974609375,4456160,0.0,0.0,-0.0018735309315494053,2.940994621700266,1498.7039672851563,1560.0131298233125,1437.394804747,1513.793398776699,1448.8125733875727,1481.3029860821357,1338.462612533313,1681.3511962890625
2021-07-14 00:00:00+05:30,1507.7294584712065,1535.6719822958996,1492.302859243733,1529.9476318359375,5657716,0.0,0.0,0.02068026180453586,3.001815160442759,1503.3755981445313,1558.9271141407085,1447.8240821483541,1513.793398776699,1453.2028192974208,1483.4981090370597,1338.462612533313,1686.978515625
2021-07-15 00:00:00+05:30,1511.513393513371,1549.3036059470114,1509.6699425185373,1533.7315673828125,10021355,0.0,0.0,0.0024732451412956546,3.009239385203392,1507.5233093261718,1558.9367850505048,1456.1098336018388,1518.6930159593708,1463.0263620402623,1490.8596889998166,1338.462612533313,1669.6114501953125
2021-07-16 00:00:00+05:30,1526.8913930087365,1527.7646190810667,1503.4604386520834,1509.13623046875,6265593,0.0,0.0,-0.016036272211591984,2.9609824032724266,1510.0531616210938,1556.2359311235166,1463.870392118671,1518.6930159593708,1468.0957956117695,1493.3944057855701,1338.462612533313,1683.873779296875
2021-07-19 00:00:00+05:30,1498.7063289449993,1506.6622440445988,1491.7693157821598,1495.795654296875,5669162,0.0,0.0,-0.008839875355541205,2.9348076878975475,1512.0615234375,1551.5424301566652,1472.5806167183348,1518.6930159593708,1479.7384568524942,1499.2157364059326,1338.462612533313,1676.2574462890625
2021-07-20 00:00:00+05:30,1492.4970737429633,1511.3193428451475,1492.205958886471,1503.897216796875,5069939,0.0,0.0,0.005416222781987168,2.950703260157489,1513.9146606445313,1547.7489111395003,1480.0804101495623,1518.6930159593708,1484.371328525077,1501.5321722422239,1345.847911231976,1657.9202880859375
2021-07-22 00:00:00+05:30,1514.9091569141922,1545.422682128627,1514.9091569141922,1542.8515625,7854575,0.0,0.0,0.02590226597140277,3.0271331608047736,1518.1375671386718,1543.010753843768,1493.2643804335755,1518.6930159593708,1486.5543488189228,1502.6236823891468,1345.847911231976,1647.4903564453125
2021-07-23 00:00:00+05:30,1541.2507836836514,1550.9044738853415,1537.854996596633,1543.0941162109375,4179719,0.0,0.0,0.0001572113071879322,3.0276090603660157,1519.653546142578,1546.6627326069356,1492.6443596782206,1519.4934499285357,1491.0416017739694,1505.2675258512527,1351.8875764939087,1655.64013671875
2021-07-26 00:00:00+05:30,1546.6354257548387,1563.6629194233765,1546.6354257548387,1556.1436767578125,4586710,0.0,0.0,0.008456749597955948,3.053212792070034,1521.0943298339844,1552.3739507758808,1489.814708892088,1527.109771522535,1501.835311128317,1514.472541325426,1358.291072224457,1627.7947998046875
2021-07-27 00:00:00+05:30,1557.211110298604,1561.383125133484,1550.3225365507717,1554.8341064453125,5892859,0.0,0.0,-0.0008415484585770905,3.0506433655511596,1522.5860534667968,1557.1765081635974,1487.9955987699961,1527.716117602768,1501.835311128317,1514.7757143655426,1364.6703337745053,1638.806884765625
2021-07-28 00:00:00+05:30,1557.3079783656203,1559.7335406390812,1538.2915938288195,1557.7930908203125,4686788,0.0,0.0,0.001903086871283488,3.056449004889108,1524.6502075195312,1562.3652785944907,1486.9351364445718,1527.716117602768,1508.8451702190694,1518.2806439109186,1364.6703337745053,1650.012939453125
2021-07-29 00:00:00+05:30,1552.4568134657875,1571.7643123478083,1552.4568134657875,1568.8536376953125,4660873,0.0,0.0,0.007100138612872842,3.078150216486998,1526.4063110351562,1568.6951737899583,1484.1174482803542,1531.766814064984,1512.8958666812853,1522.3313403731345,1367.4111396222725,1678.877197265625
2021-07-30 00:00:00+05:30,1562.0621287485933,1575.063166426552,1558.3267864756742,1562.5472412109375,6234257,0.0,0.0,-0.004019748135102863,3.065776827894708,1528.8367309570312,1573.5259555207645,1484.147506393298,1533.4162411043558,1520.6334549199019,1527.0248480121288,1369.1332460880694,1655.8343505859375
2021-08-02 00:00:00+05:30,1578.9924422061235,1586.0751312430707,1570.988086902404,1582.970458984375,5553389,0.0,0.0,0.013070464197683984,3.1058479541617947,1531.9293212890625,1582.316974749193,1481.541667828932,1539.1405450647708,1537.0787786074002,1538.1096618360855,1390.3569510814368,1642.833251953125
2021-08-03 00:00:00+05:30,1597.9604626990078,1609.2636068417826,1586.8998747891867,1605.916259765625,5513668,0.0,0.0,0.014495406816354528,3.150868483767112,1535.6283020019532,1595.5481265033475,1475.708477500559,1562.0863818779874,1548.6730164067562,1555.379699142372,1394.8442881544852,1641.232421875
2021-08-04 00:00:00+05:30,1619.4023733911451,1629.8808497920966,1590.2471859106895,1600.1434326171875,6740391,0.0,0.0,-0.003594724888880574,3.139541978406925,1539.8512084960937,1605.2684135366546,1474.4340034555328,1583.8679231943647,1558.9816378819132,1571.424780538139,1395.8873299209422,1641.5235595703125
2021-08-05 00:00:00+05:30,1600.3859714708867,1616.3946823100923,1598.008967841752,1604.3154296875,5420536,0.0,0.0,0.002607264439718815,3.14772759456423,1544.1662902832031,1614.5077632420828,1473.8248173243235,1584.086221810458,1558.9816378819132,1571.5339298461856,1395.8873299209422,1635.94482421875
2021-08-06 00:00:00+05:30,1607.6627626653317,1611.2041074651552,1595.0498381543784,1601.065185546875,3754855,0.0,0.0,-0.002025938341351008,3.1413504925422737,1548.5056274414062,1621.6202744903794,1475.390980392433,1584.086221810458,1558.9816378819132,1571.5339298461856,1401.1507426652606,1660.491455078125
2021-08-09 00:00:00+05:30,1611.5435818083902,1617.8014851280848,1597.3783217541595,1613.775146484375,5018477,0.0,0.0,0.007938440640790523,3.166287916959239,1553.3761596679688,1630.2025984209272,1476.5497209150103,1584.086221810458,1558.9816378819132,1571.5339298461856,1401.1507426652606,1651.565185546875
2021-08-10 00:00:00+05:30,1618.3351121744113,1629.977810823148,1611.59209658128,1627.3096923828125,6846517,0.0,0.0,0.008386884584214105,3.1928432082791676,1559.653515625,1639.086076408008,1480.220954841992,1591.2173121444678,1559.0301183974389,1575.1237152709532,1401.1507426652606,1640.94140625
2021-08-11 00:00:00+05:30,1624.932833470527,1633.858855855089,1618.335256274518,1627.6009521484375,4899639,0.0,0.0,0.00017898238238744923,3.193414670963175,1566.086114501953,1645.6512400896654,1486.5209889142407,1596.0928211653816,1560.9706409134094,1578.5317310393955,1401.1507426652606,1637.5941162109375
2021-08-12 00:00:00+05:30,1629.153189203164,1645.9865677860516,1624.1565072053347,1639.2919921875,5659579,0.0,0.0,0.007182989186403699,3.2163529340124066,1571.5533325195313,1655.39386405985,1487.7128009792125,1608.4873273442277,1567.0344968788909,1587.7609121115593,1401.1507426652606,1667.282958984375
2021-08-13 00:00:00+05:30,1646.4716233213192,1671.212357790791,1640.941388872993,1661.218994140625,5612790,0.0,0.0,0.013375897678768789,3.2593745417565643,1577.9277038574219,1668.488651321116,1487.3667563937277,1629.056116289989,1579.6473918812603,1604.3517540856246,1401.1507426652606,1665.7791748046875
2021-08-16 00:00:00+05:30,1656.852916035802,1668.7381703555145,1639.776982496243,1653.6512451171875,4564109,0.0,0.0,-0.004555539667033703,3.2445263317418727,1585.1534545898437,1675.6670113876596,1494.6398977920278,1630.7297718507402,1579.6473918812603,1605.1885818660003,1401.1507426652606,1690.6654052734375
2021-08-17 00:00:00+05:30,1653.1662460159512,1696.8263669178805,1636.3328675331168,1689.792236328125,9510390,0.0,0.0,0.021855268042553,3.3154363243932123,1594.8532836914062,1686.5681650173985,1503.1384023654139,1645.9381025361295,1592.4543964448053,1619.1962494904674,1401.1507426652606,1711.3310546875
2021-08-18 00:00:00+05:30,1677.518728527927,1703.2296864839652,1675.5782788708675,1681.836181640625,6686090,0.0,0.0,-0.004708303492261479,3.299826243968701,1603.7502319335938,1692.9050763742052,1514.5953874929824,1649.139762319172,1596.8931550528296,1623.0164586860008,1401.1507426652606,1669.9027099609375
2021-08-20 00:00:00+05:30,1665.0029303799986,1693.0424537306344,1665.0029303799986,1681.3511962890625,6206972,0.0,0.0,-0.00028836658222530787,3.2988746843527905,1610.6752136230468,1701.3525648904097,1519.997862355684,1650.3040041190625,1597.4995011330625,1623.9017526260625,1401.1507426652606,1636.866455078125
2021-08-23 00:00:00+05:30,1684.067840975467,1700.949777629888,1680.4294976635513,1686.978515625,6189051,0.0,0.0,0.0033469029839556796,3.3099156978775466,1617.86943359375,1708.791565252643,1526.947301934857,1657.4108915326226,1597.4995011330625,1627.4551963328427,1401.1507426652606,1641.863037109375
2021-08-24 00:00:00+05:30,1697.8935289503884,1704.68510306619,1661.7040937876416,1669.6114501953125,7602939,0.0,0.0,-0.01029477570036108,3.275840858180793,1623.542822265625,1712.46766885042,1534.61797568083,1661.510179670354,1598.2272094241748,1629.8686945472646,1403.9886386506582,1625.3206787109375
2021-08-25 00:00:00+05:30,1666.8462858707917,1694.88580761477,1666.8462858707917,1683.873779296875,6153253,0.0,0.0,0.008542304318704952,3.303824087691021,1629.994805908203,1716.7168531968541,1543.272758619552,1664.4208051357623,1598.2272094241748,1631.3240072799686,1403.9886386506582,1615.5699462890625
2021-08-26 00:00:00+05:30,1682.3699102924136,1694.0126086335374,1668.7867622277688,1676.2574462890625,5302248,0.0,0.0,-0.004523102088443198,3.288880554060137,1635.9180236816405,1718.1222816518516,1553.7137657114295,1670.5089852996534,1598.4455309763307,1634.477258137992,1403.9886386506582,1628.7650146484375
2021-08-27 00:00:00+05:30,1673.6378834431428,1676.2574431907929,1654.4273838415345,1657.9202880859375,6698514,0.0,0.0,-0.0109393448146764,3.252902355624989,1640.371356201172,1716.960186568585,1563.7825258337589,1670.5089852996534,1609.797129990191,1640.1530576449222,1403.9886386506582,1642.396728515625
2021-08-30 00:00:00+05:30,1652.3414807027575,1667.4769646988575,1640.0681126442907,1647.4903564453125,6559667,0.0,0.0,-0.006290972922869731,3.232438434985013,1644.6185119628906,1712.2836683581081,1576.953355567673,1670.5089852996534,1621.2700498314116,1645.8895175655325,1403.9886386506582,1623.7198486328125
2021-08-31 00:00:00+05:30,1649.5277912664503,1663.9356065044462,1635.653528630958,1655.64013671875,12255438,0.0,0.0,0.0049467848121562685,3.248428612341427,1648.2519958496093,1709.7445166930927,1586.759475006126,1670.1693158485741,1621.488348447505,1645.8288321480395,1404.7890726198234,1640.6502685546875
2021-09-01 00:00:00+05:30,1658.5994398844366,1658.5994398844366,1623.3317890235714,1627.7947998046875,7801974,0.0,0.0,-0.016818471778081046,3.193795007401652,1649.3459228515626,1708.4958978229174,1590.1959478802078,1664.0084460448807,1621.488348447505,1642.7483972461928,1411.1682953888408,1672.5220947265625
2021-09-02 00:00:00+05:30,1627.406741982889,1643.8521253989547,1613.144483067261,1638.806884765625,6830050,0.0,0.0,0.006765032645551283,3.2154011348899227,1651.2790954589843,1706.2025626203604,1596.3556282976083,1658.9147930667255,1621.488348447505,1640.2015707571152,1411.1682953888408,1640.601806640625
2021-09-03 00:00:00+05:30,1645.54992876368,1655.1550601734405,1634.246785405439,1650.012939453125,5339139,0.0,0.0,0.006837934836417592,3.2373878383232433,1653.5639709472657,1704.0600489998474,1603.067892894684,1658.9147930667255,1628.5709582659888,1643.7428756663571,1415.4876970885307,1634.974609375
2021-09-06 00:00:00+05:30,1654.379018444048,1680.4295334246133,1648.751666627601,1678.877197265625,4876026,0.0,0.0,0.01749335239884031,3.294020604630752,1657.454571533203,1702.852146750484,1612.056996315922,1654.0151453410156,1631.5059447709323,1642.760545055974,1423.9536946606695,1658.308349609375
2021-09-07 00:00:00+05:30,1678.4890783317817,1683.2432040326848,1653.2632309117662,1655.8343505859375,3520341,0.0,0.0,-0.013725153166185833,3.2488096672996227,1659.5575317382813,1700.2740083700253,1618.8410551065374,1653.5785458503992,1637.8365949842969,1645.707570417348,1427.4029141535625,1664.663330078125
2021-09-08 00:00:00+05:30,1650.2069372368164,1650.2069372368164,1632.8398884736716,1642.833251953125,4584896,0.0,0.0,-0.007851690374832465,3.2233010197052234,1660.3337097167969,1699.085309325839,1621.5821101077547,1648.1938435499728,1645.7924889276883,1646.9931662388306,1433.7487915052895,1738.78857421875
2021-09-09 00:00:00+05:30,1635.7021873033511,1644.4342114284748,1632.0638439178829,1641.232421875,3331674,0.0,0.0,-0.0009744324789030534,3.2201601305023413,1661.015283203125,1697.852032390551,1624.178534015699,1648.1938435499728,1647.4661444884398,1647.8299940192064,1450.1903297070621,1767.895263671875
2021-09-13 00:00:00+05:30,1632.8885341281357,1650.8376950796337,1625.3207324067544,1641.5235595703125,4662374,0.0,0.0,0.00017738968072533723,3.2207313536797755,1661.1268615722656,1697.7096383298185,1624.5440848147127,1648.1938435499728,1649.8674706102843,1649.0306570801285,1460.4989511822191,1748.6849365234375
2021-09-14 00:00:00+05:30,1645.4529576736822,1645.4529576736822,1628.619578467108,1635.94482421875,4945167,0.0,0.0,-0.0033985106817612243,3.2097856637712114,1659.8631530761718,1698.0738256079815,1621.652480544362,1648.1938435499728,1649.8674706102843,1649.0306570801285,1464.9863664914637,1701.4349365234375
2021-09-15 00:00:00+05:30,1642.8334082371732,1664.03279985787,1639.8741747444235,1660.491455078125,4062344,0.0,0.0,0.015004559136704065,3.2579470825794115,1660.2051635742187,1698.3084476641363,1622.101879484301,1648.1938435499728,1651.0317124101748,1649.6127779800738,1468.6338859381972,1668.5927734375
2021-09-16 00:00:00+05:30,1664.1295494828428,1668.0590073440828,1641.086710207332,1651.565185546875,3246568,0.0,0.0,-0.005375679292989766,3.240433403909933,1658.2938110351563,1694.0035417442134,1622.5840803260992,1654.2819682197196,1658.1385998237351,1656.2102840217274,1477.1189210595971,1656.70751953125
2021-09-17 00:00:00+05:30,1646.4716407568892,1666.8463634769214,1634.2952709951792,1640.94140625,7454864,0.0,0.0,-0.00643255221764516,3.219589146831481,1656.249072265625,1690.9923632601099,1621.5057812711402,1654.2819682197196,1658.9147930667255,1656.5983806432225,1477.1674015751228,1667.621337890625
2021-09-20 00:00:00+05:30,1634.8289988614197,1656.8530572878408,1627.988865764917,1637.5941162109375,5660743,0.0,0.0,-0.0020398595747010972,3.213021637083713,1654.0612182617188,1687.6871059299074,1620.4353305935301,1654.2819682197196,1658.9147930667255,1656.5983806432225,1479.107924091093,1692.336669921875
2021-09-21 00:00:00+05:30,1649.382356664253,1675.3358731588228,1634.4894278956222,1667.282958984375,4672222,0.0,0.0,0.018129549000903467,3.271272270294185,1653.0764404296874,1683.7854333898242,1622.3674474695506,1650.3283027827886,1658.9147930667255,1654.6215479247571,1485.1717800565746,1667.817138671875
2021-09-22 00:00:00+05:30,1665.8761736087386,1687.1241228649042,1662.043832581281,1665.7791748046875,4553892,0.0,0.0,-0.0009019369937083299,3.2683217888171145,1652.8848266601562,1683.2202685704572,1622.5493847498553,1656.2224276358293,1658.9147930667255,1657.5686103512774,1497.7846750589442,1632.4327392578125
2021-09-23 00:00:00+05:30,1680.4294854560114,1693.0424088456928,1669.8540106190708,1690.6654052734375,3826090,0.0,0.0,0.0149396935951418,3.317149514912368,1653.2244079589843,1685.0710203422582,1621.3777955757105,1659.1815706262237,1658.9147930667255,1659.0481818464746,1503.630309444053,1664.0487060546875
2021-09-24 00:00:00+05:30,1705.6552630793997,1734.7620081831435,1700.2704678609475,1711.3310546875,8280446,0.0,0.0,0.012223382195911237,3.357696301234123,1654.9780883789062,1694.6917348636262,1615.2644418941863,1681.3754369740302,1673.9532456252023,1677.6643412996164,1516.5585921214754,1661.9443359375
2021-09-27 00:00:00+05:30,1716.0853942694082,1716.327950508881,1666.9434764651048,1669.9027099609375,5045337,0.0,0.0,-0.024208258602615995,3.2764123208648,1655.5772094726562,1695.814114328103,1615.3403046172095,1681.3754369740302,1673.9532456252023,1677.6643412996164,1519.7602519045176,1666.44677734375
2021-09-28 00:00:00+05:30,1659.0846296536004,1659.0846296536004,1625.1267571168307,1636.866455078125,6557197,0.0,0.0,-0.01978334108074198,3.2115939383999863,1655.0460144042968,1695.978029303211,1614.1139995053825,1679.9443826499871,1673.9532456252023,1676.9488141375946,1528.6135096414469,1672.5155029296875
2021-09-29 00:00:00+05:30,1609.8456163827627,1650.7406183616115,1605.722160683123,1641.863037109375,7792548,0.0,0.0,0.0030525288216083357,3.2213974214602548,1654.357159423828,1695.692111939345,1613.022206908311,1670.2420844331332,1670.2420844331332,1670.2420844331332,1533.0037555512952,1700.7056884765625
2021-09-30 00:00:00+05:30,1652.292977867177,1652.292977867177,1620.372555488425,1625.3206787109375,6914031,0.0,0.0,-0.010075358312202187,3.1889406881730387,1654.2334533691405,1695.902737614477,1612.564169123804,1670.2420844331332,1670.2420844331332,1670.2420844331332,1540.7171105998516,1705.599853515625
2021-10-01 00:00:00+05:30,1615.5213876718929,1628.9589782705848,1611.786045655022,1615.5699462890625,5733906,0.0,0.0,-0.005999266821368754,3.1698093821071693,1653.0716064453125,1697.624945942715,1608.51826694791,1670.2420844331332,1670.2420844331332,1670.2420844331332,1545.7865441713589,1703.299560546875
2021-10-04 00:00:00+05:30,1622.7011091583092,1637.739594773827,1615.8125362086544,1628.7650146484375,2947154,0.0,0.0,0.00816743861179381,3.195698605646618,1652.009210205078,1697.8131397883324,1606.2052806218237,1670.2420844331332,1670.2420844331332,1670.2420844331332,1557.4292054120835,1696.5947265625
2021-10-05 00:00:00+05:30,1621.2457787022788,1652.244416324748,1613.4839796420645,1642.396728515625,4373310,0.0,0.0,0.008369355766233655,3.222444544198931,1650.1851867675782,1694.4262309987873,1605.944142536369,1670.2420844331332,1670.2420844331332,1670.2420844331332,1562.0620770846663,1742.5013427734375
2021-10-06 00:00:00+05:30,1651.4196970993305,1658.1142722660604,1620.2755030335406,1623.7198486328125,4271698,0.0,0.0,-0.011371722531189121,3.1857997989701565,1648.5794616699218,1694.2084826679281,1602.9504406719154,1670.2420844331332,1670.2420844331332,1670.2420844331332,1564.2450973785121,1749.3043212890625
2021-10-07 00:00:00+05:30,1636.7693690430265,1653.457189568907,1626.7275652437345,1640.6502685546875,5476108,0.0,0.0,0.01042693413899598,3.219017923654045,1648.4703125,1694.1649005777986,1602.7757244222016,1661.025055596002,1670.2420844331332,1665.6335700145676,1567.9319163643938,1754.3453369140625
2021-10-08 00:00:00+05:30,1654.4759360877974,1679.9443385638594,1647.829919509746,1672.5220947265625,4738376,0.0,0.0,0.01942633770447144,3.2815516529156947,1650.0347961425782,1696.773108927613,1603.2964833575434,1642.8332496234912,1670.2420844331332,1656.5376670283122,1572.3464029497238,1749.5977783203125
2021-10-11 00:00:00+05:30,1631.9183408457045,1678.4891377307183,1614.1631771590285,1640.601806640625,8840633,0.0,0.0,-0.01908512191652456,3.218922839544426,1649.9887084960938,1696.7626920285434,1603.2147249636441,1642.8332496234912,1670.2420844331332,1656.5376670283122,1572.3464029497238,1741.7183837890625
2021-10-12 00:00:00+05:30,1627.0672522912223,1638.7099517709448,1612.5138779415693,1634.974609375,7439300,0.0,0.0,-0.0034299592032922543,3.207882065526243,1649.9401977539062,1696.7749737579454,1603.105421749867,1645.8651921094406,1670.2420844331332,1658.053638271287,1579.3562620404762,1722.141845703125
2021-10-13 00:00:00+05:30,1645.4528697006265,1662.625921470311,1630.0263885586533,1658.308349609375,7104171,0.0,0.0,0.014271622385190863,3.25366374702166,1649.8310424804688,1696.5760637875894,1603.0860211733482,1645.8651921094406,1670.2420844331332,1658.053638271287,1579.3562620404762,1700.118408203125
2021-10-14 00:00:00+05:30,1701.77443156464,1730.493064191257,1647.6358361394623,1664.663330078125,19655776,0.0,0.0,0.0038322067607312604,3.2661324592301426,1650.4859497070313,1697.6795468902517,1603.292352523811,1671.503471066413,1670.2420844331332,1670.8727777497731,1585.444423239721,1660.08447265625
2021-10-18 00:00:00+05:30,1688.1913221131138,1745.434591081317,1688.1913221131138,1738.78857421875,13438109,0.0,0.0,0.044528670032724316,3.411568993790372,1655.3783081054687,1716.111910862704,1594.6447053482334,1678.9742345114432,1675.57837588222,1677.2763051968316,1596.38376451896,1685.9254150390625
2021-10-19 00:00:00+05:30,1759.9879073250424,1779.8775170825747,1729.2318264400951,1767.895263671875,10324260,0.0,0.0,0.01673963694303815,3.4686774201525488,1661.8933654785155,1739.4350438654758,1584.3516870915553,1696.195697512072,1692.799838882849,1694.4977681974606,1596.38376451896,1655.82666015625
2021-10-20 00:00:00+05:30,1774.929569119051,1792.9757297246008,1740.632140400467,1748.6849365234375,5876115,0.0,0.0,-0.010866213368623479,3.4309860311982447,1665.9634643554687,1752.351534705037,1579.5753940059003,1702.744803833085,1699.348945203862,1701.0468745184735,1596.38376451896,1660.4271240234375
2021-10-21 00:00:00+05:30,1759.987986134667,1759.987986134667,1694.8373597634434,1701.4349365234375,8779629,0.0,0.0,-0.027020304809131424,3.338279742839396,1667.7462524414063,1755.5211875861842,1579.9713172966285,1702.744803833085,1699.348945203862,1701.0468745184735,1596.38376451896,1676.3818359375
2021-10-22 00:00:00+05:30,1697.7965182435105,1710.7004379116458,1656.1738477671524,1668.5927734375,7369809,0.0,0.0,-0.0193026264954006,3.2738421758262053,1666.6426208496093,1753.7830314817136,1579.502210217505,1702.744803833085,1699.348945203862,1701.0468745184735,1596.38376451896,1678.584228515625
2021-10-25 00:00:00+05:30,1670.7757801070904,1678.2464642110342,1636.9633487331862,1656.70751953125,5905209,0.0,0.0,-0.00712292064034592,3.250522857818778,1663.911444091797,1748.6431433310945,1579.1797448524994,1702.744803833085,1699.348945203862,1701.0468745184735,1596.38376451896,1711.22802734375
2021-10-26 00:00:00+05:30,1673.8369619164212,1690.036417097993,1659.9865872490195,1667.621337890625,5871709,15.0,0.0,0.0065876554737089865,3.2719361825155038,1663.7973754882812,1748.5023540393956,1579.0923969371668,1711.5010591416271,1699.348945203862,1705.4250021727446,1596.38376451896,1698.7969970703125
2021-10-27 00:00:00+05:30,1672.9070493256472,1697.426623293902,1665.1254510884437,1692.336669921875,5090259,0.0,0.0,0.014820709875607907,3.32042859940807,1666.5708862304687,1751.1986937643828,1581.9430786965545,1714.9695392288936,1699.348945203862,1707.1592422163778,1596.38376451896,1659.3994140625
2021-10-28 00:00:00+05:30,1682.9399117142416,1688.2255817288994,1656.218105810856,1667.817138671875,5329972,0.0,0.0,-0.014488565830776401,3.2723203510591534,1667.8685913085938,1751.725241336041,1584.0119412811464,1714.9695392288936,1699.348945203862,1707.1592422163778,1596.38376451896,1675.403076171875
2021-10-29 00:00:00+05:30,1663.0209707684146,1676.3329452247729,1625.874670216051,1632.4327392578125,5875091,0.0,0.0,-0.02121599460372492,3.202894820149423,1668.2241943359375,1751.406446132026,1585.0419425398488,1709.425199970326,1699.348945203862,1704.387072587094,1596.38376451896,1716.219970703125
2021-11-01 00:00:00+05:30,1641.9761914250282,1671.0471975118865,1640.507956380535,1664.0487060546875,3636806,0.0,0.0,0.019367393238663766,3.264926543633336,1670.6481323242188,1750.262758646795,1591.0335060016425,1709.425199970326,1699.348945203862,1704.387072587094,1596.38376451896,1726.1060791015625
2021-11-02 00:00:00+05:30,1659.1057240759478,1670.3132046244127,1650.6388774572058,1661.9443359375,3471772,0.0,0.0,-0.0012646084874383678,3.2607976898153948,1672.3070983886719,1749.6892458185846,1594.9249509587592,1692.9313281753589,1699.348945203862,1696.1401366896105,1611.4222170774367,1721.9949951171875
2021-11-03 00:00:00+05:30,1672.8091292102606,1681.0801388426148,1663.020895569475,1666.44677734375,3530713,0.0,0.0,0.002709140919398001,3.269631650266752,1673.5096008300782,1749.721203779906,1597.2979978802503,1668.2875540638483,1699.348945203862,1683.8182496338552,1612.6593159024187,1707.7042236328125
2021-11-04 00:00:00+05:30,1678.6821381701382,1680.6397849784998,1668.8939041283295,1672.5155029296875,483407,0.0,0.0,0.003641715816217639,3.281538719560734,1675.9493835449218,1748.6343598748836,1603.26440721496,1661.6506467549766,1699.348945203862,1680.4997959794193,1613.2656619826516,1715.04541015625
2021-11-08 00:00:00+05:30,1693.364512842851,1704.1315704389613,1666.9362805614885,1700.7056884765625,5245903,0.0,0.0,0.016854962179719823,3.3368489305702163,1678.9521545410157,1750.496739012516,1607.4075700695155,1665.0031203275062,1702.3808876898115,1683.6920040086588,1613.2656619826516,1697.4754638671875
2021-11-09 00:00:00+05:30,1698.0139718141927,1712.9410293557212,1689.449266667414,1705.599853515625,4016134,0.0,0.0,0.0028777260358590073,3.3464514676154464,1680.6060424804687,1753.0130964503057,1608.1989885106316,1669.4078497858861,1702.3808876898115,1685.8943687378487,1613.2656619826516,1734.08349609375
2021-11-10 00:00:00+05:30,1689.449185563077,1713.870781557957,1685.4849030056223,1703.299560546875,4780368,0.0,0.0,-0.0013486709464758384,3.341938205747282,1683.7409301757812,1754.3355198012614,1613.146340550301,1669.872725887004,1702.744803833085,1686.3087648600444,1613.2656619826516,1782.29052734375
2021-11-11 00:00:00+05:30,1696.2520427682098,1702.9080899944038,1672.8092690331578,1696.5947265625,4731349,0.0,0.0,-0.003936379800522194,3.328783067699585,1686.8219360351563,1753.8874120036562,1619.7564600666565,1669.872725887004,1702.744803833085,1686.3087648600444,1613.4839835348073,1760.805419921875
2021-11-12 00:00:00+05:30,1706.0891606332077,1745.095248641622,1701.2440326699264,1742.5013427734375,5069009,0.0,0.0,0.027058092007600232,3.4188535862187424,1691.0315856933594,1760.9498201757447,1621.113351210974,1692.8016025110785,1702.744803833085,1697.7732031720816,1624.8355825486678,1773.2364501953125
2021-11-15 00:00:00+05:30,1744.3612151608256,1761.8821784996285,1737.9010044033837,1749.3043212890625,4354074,0.0,0.0,0.0039041453504977675,3.4322012875514107,1695.2636352539062,1768.4902160454837,1622.0370544623286,1706.260527978417,1702.744803833085,1704.502665905751,1636.3085023898884,1786.0589599609375
2021-11-16 00:00:00+05:30,1752.093995159687,1770.6426519512015,1739.3692901669071,1754.3453369140625,6034233,0.0,0.0,0.002881725931646484,3.442091951004378,1696.0414733886719,1771.4233401798447,1620.659606597499,1716.8317737603384,1702.744803833085,1709.7882887967116,1636.5268010059815,1818.2623291015625
2021-11-17 00:00:00+05:30,1754.589873076723,1763.839706094262,1742.9907205977065,1749.5977783203125,4732492,0.0,0.0,-0.002706171067836105,3.4327770613537383,1695.1265991210937,1767.3421041848637,1622.9110940573237,1718.789466256345,1702.744803833085,1710.767135044715,1636.5268010059815,1824.037353515625
2021-11-18 00:00:00+05:30,1743.8717474773398,1751.5554872788073,1721.7503625098573,1741.7183837890625,4326924,0.0,0.0,-0.004503546260109292,3.41731739105729,1694.778271484375,1766.0069223940382,1623.5496205747118,1718.789466256345,1702.744803833085,1710.767135044715,1636.5268010059815,1826.6312255859373
2021-11-22 00:00:00+05:30,1746.2208764931397,1747.5912530959622,1714.0665529727055,1722.141845703125,6621839,0.0,0.0,-0.011239783806696213,3.378907482382943,1695.8136169433594,1768.005162114911,1623.622071771808,1721.7259604921796,1709.425199970326,1715.5755802312528,1643.6094108244656,1848.0185546875
2021-11-23 00:00:00+05:30,1698.3564782674098,1710.2492066202883,1673.7880345232186,1700.118408203125,8436160,0.0,0.0,-0.012788399256977723,3.33569666444584,1697.3898986816407,1768.49194750466,1626.2878498586215,1721.7259604921796,1709.425199970326,1715.5755802312528,1646.5443973294089,1845.6204833984373
2021-11-24 00:00:00+05:30,1703.1527018996903,1703.6421135956384,1652.253885521079,1660.08447265625,7333061,0.0,0.0,-0.023547733707081853,3.2571485676638683,1697.5587463378906,1768.2845351668248,1626.8329575089565,1711.44826873614,1709.425199970326,1710.436734353233,1652.8750475427737,1852.765869140625
2021-11-25 00:00:00+05:30,1663.99974741141,1689.644872195052,1661.0142883057672,1685.9254150390625,4476260,0.0,0.0,0.015566040649404478,3.3078494746692737,1698.4739501953125,1768.0792756263986,1628.8686247642263,1711.44826873614,1709.425199970326,1710.436734353233,1666.1672329352518,1847.77392578125
2021-11-26 00:00:00+05:30,1666.495859317235,1681.96119764167,1648.3386371060697,1655.82666015625,4494181,0.0,0.0,-0.017852957559285065,3.2487945783854997,1696.6484497070312,1768.700863603023,1624.5960358110394,1709.4906445286356,1709.425199970326,1709.4579222494808,1685.0623514966321,1858.2471923828125
2021-11-29 00:00:00+05:30,1655.1904424992222,1675.7457348070186,1633.8031741617383,1660.4271240234375,3942776,0.0,0.0,0.0027783487111829874,3.2578208626152554,1696.2789489746094,1768.9989517356157,1623.5589462136031,1702.22291305647,1698.2586610836263,1700.240787070048,1694.0127839394895,1858.9324951171875
2021-11-30 00:00:00+05:30,1668.4533906916895,1693.2665387417494,1664.0486856123202,1676.3818359375,14808963,0.0,0.0,0.009608799858317196,3.2891246112583756,1698.4764038085937,1765.740994850829,1631.2118127663582,1698.8214401280002,1698.2586610836263,1698.5400506058131,1694.0127839394895,1805.5865478515625
2021-12-01 00:00:00+05:30,1678.6820869560015,1705.0124596222208,1676.724440207365,1678.584228515625,5193264,0.0,0.0,0.0013137774049509776,3.293445788854715,1699.2031799316405,1765.254273635421,1633.15208622786,1692.679330720273,1698.2586610836263,1695.4689959019497,1695.17702573938,1779.30517578125
2021-12-02 00:00:00+05:30,1678.682148945821,1713.4303800172945,1675.1094196005713,1711.22802734375,5559574,0.0,0.0,0.019447221219868194,3.357494157686216,1701.6673645019532,1765.5950148199197,1637.7397141839867,1690.6972136288502,1698.2586610836263,1694.4779373562383,1699.348945203862,1775.8792724609375
2021-12-03 00:00:00+05:30,1733.5940971960158,1748.8148488368874,1695.860526874796,1698.7969970703125,6754012,0.0,0.0,-0.007264391463207565,3.333104005789351,1703.2848754882812,1765.147759425879,1641.4219915506833,1691.3090114993129,1698.2586610836263,1694.7838362914695,1699.348945203862,1811.557373046875
2021-12-06 00:00:00+05:30,1693.364539399699,1697.230844166643,1655.6798372223068,1659.3994140625,3991449,0.0,0.0,-0.023191460236718253,3.2558044567742406,1702.6290710449218,1766.058220757349,1639.1999213324946,1691.3090114993129,1698.2586610836263,1694.7838362914695,1699.348945203862,1816.3046875
2021-12-07 00:00:00+05:30,1665.076441633103,1688.372486064459,1658.1268194745098,1675.403076171875,4202122,0.0,0.0,0.00964424958436938,3.2872042475532735,1701.3639404296875,1765.9078066081308,1636.8200742512443,1691.3090114993129,1698.2586610836263,1694.7838362914695,1699.348945203862,1837.6920166015625
2021-12-08 00:00:00+05:30,1696.30093857023,1722.5334532735633,1695.9093853163206,1716.219970703125,3029169,0.0,0.0,0.024362432606076068,3.367288539496697,1701.8949462890625,1766.7468245588661,1637.043068019259,1691.3090114993129,1702.22291305647,1696.7659622778915,1699.348945203862,1856.6322021484373
2021-12-09 00:00:00+05:30,1721.7503627602089,1731.9301500300369,1705.1103649393317,1726.1060791015625,2082171,0.0,0.0,0.0057603970162327656,3.3866854583524084,1703.0352722167968,1768.7515419431547,1637.3190024904388,1691.3090114993129,1702.22291305647,1696.7659622778915,1699.348945203862,1888.492919921875
2021-12-10 00:00:00+05:30,1722.729112636777,1726.3997002347248,1709.0255856044391,1721.9949951171875,1823469,0.0,0.0,-0.002381709927419262,3.378619355975204,1704.3052856445313,1770.4596510739211,1638.1509202151415,1702.2473430295972,1702.22291305647,1702.2351280430335,1699.348945203862,1898.427978515625
2021-12-13 00:00:00+05:30,1729.629891111148,1733.8387599288894,1701.9781307910064,1707.7042236328125,4040584,0.0,0.0,-0.00829896226463911,3.3505803214333865,1702.5654296875,1766.3738374531736,1638.7570219218264,1702.2473430295972,1702.22291305647,1702.2351280430335,1699.348945203862,1880.0750732421875
2021-12-14 00:00:00+05:30,1694.2454133192168,1725.665619938339,1674.1305450544696,1715.04541015625,4768144,0.0,0.0,0.004298863012600851,3.3649840072479447,1700.8524841308595,1761.2631696325625,1640.4417986291564,1702.2473430295972,1702.22291305647,1702.2351280430335,1699.348945203862,1827.5123291015625
2021-12-15 00:00:00+05:30,1708.046804203071,1710.934285390278,1684.7507598817206,1697.4754638671875,3053149,0.0,0.0,-0.010244595382148947,3.3305111076262874,1698.0089904785157,1753.1497073426278,1642.8682736144035,1702.2473430295972,1702.22291305647,1702.2351280430335,1699.348945203862,1785.0802001953125
2021-12-16 00:00:00+05:30,1725.3230745359092,1739.9564364414273,1720.771521869404,1734.08349609375,4481031,0.0,0.0,0.02156616281401913,3.402337452427255,1697.2332763671875,1749.7982933030228,1644.6682594313522,1697.818136831867,1702.22291305647,1700.0205249441683,1699.348945203862,1747.8848876953125
2021-12-17 00:00:00+05:30,1781.4585513679135,1802.9926657251085,1768.4891415846034,1782.29052734375,18887243,0.0,0.0,0.027799717463774076,3.4969214723211497,1699.2618835449218,1760.979867189338,1637.5438999005057,1730.5597425998092,1718.3979199434234,1724.4788312716164,1699.348945203862,1700.0206298828125
2021-12-20 00:00:00+05:30,1763.5460537223255,1790.9042391601668,1749.4510924965175,1760.805419921875,5773891,0.0,0.0,-0.012054772828701266,3.4547668783725105,1701.1950622558593,1767.9331073928497,1634.4570171188689,1738.561605389789,1718.3979199434234,1728.4797626666063,1699.348945203862,1685.6807861328125
2021-12-21 00:00:00+05:30,1762.8609460368489,1799.0774118910206,1762.8609460368489,1773.2364501953125,5353584,0.0,0.0,0.007059854616979333,3.479157030269376,1704.8509643554687,1778.6685783736423,1631.0333503372951,1738.561605389789,1718.3979199434234,1728.4797626666063,1699.348945203862,1643.052978515625
2021-12-22 00:00:00+05:30,1786.3526547667898,1790.414795659616,1773.9705152079266,1786.0589599609375,4156428,0.0,0.0,0.007231133650682953,3.5043152797469674,1711.1496887207031,1789.9963645856183,1632.303012855788,1738.561605389789,1718.3979199434234,1728.4797626666063,1699.348945203862,1650.4920654296875
2021-12-23 00:00:00+05:30,1792.4703563354433,1822.1776227126704,1788.3103568736408,1818.2623291015625,4112933,0.0,0.0,0.01803040653334831,3.5674995088618293,1717.766534423828,1808.4905568382703,1627.0425120093857,1748.15408388357,1727.9903984372045,1738.0722411603872,1699.348945203862,1699.4332275390625
2021-12-24 00:00:00+05:30,1833.2871865858683,1836.0279398212683,1814.738531482677,1824.037353515625,3780347,0.0,0.0,0.003176122785822688,3.5788303253403364,1726.177069091797,1823.4011242130707,1628.9530139705232,1755.079242437869,1734.9155569915033,1744.9973997146863,1699.348945203862,1734.5240478515625
2021-12-27 00:00:00+05:30,1820.6114380630293,1834.8043766930905,1805.9780767178684,1826.6312255859373,2647733,0.0,0.0,0.001422049863898378,3.583919600517402,1734.4872741699219,1836.1705081981547,1632.804040141689,1760.3893498514944,1734.9155569915033,1747.6524534214989,1699.348945203862,1749.2552490234375
2021-12-28 00:00:00+05:30,1840.873096168168,1855.7512833419871,1838.6218740691952,1848.0185546875,3340933,0.0,0.0,0.011708619015150301,3.62588234970079,1743.069110107422,1852.4542740520037,1633.6839461628401,1788.2614026056956,1744.7772287518628,1766.519315678779,1699.348945203862,1701.7335205078125
2021-12-29 00:00:00+05:30,1843.613847662884,1853.695776333516,1836.6642255188408,1845.6204833984373,3236635,0.0,0.0,-0.0012976445950609872,3.6211772430673737,1751.4209228515624,1865.3009787227218,1637.540866980403,1802.6011879192524,1744.7772287518628,1773.6892083355576,1699.348945203862,1704.2293701171875
2021-12-30 00:00:00+05:30,1844.5927175579204,1869.3569976440008,1834.6576360417544,1852.765869140625,4584738,0.0,0.0,0.0038715357823893015,3.6351967603382827,1758.4978149414062,1878.9808465687547,1638.0147833140577,1809.4040450702591,1751.5800859028695,1780.4920654865643,1699.348945203862,1678.68212890625
2021-12-31 00:00:00+05:30,1849.9762784937425,1858.149430218603,1832.0148924911373,1847.77392578125,4619420,0.0,0.0,-0.002694319580536342,3.625402378527801,1765.9466613769532,1889.1645340560876,1642.7287886978188,1816.1089718404248,1751.5800859028695,1783.844528871647,1699.348945203862,1680.9334716796875
2022-01-03 00:00:00+05:30,1847.7738300423955,1873.516932653147,1847.7738300423955,1858.2471923828125,3329616,0.0,0.0,0.005668045454821691,3.6459513240013153,1775.8890502929687,1895.0952704423155,1656.682830143622,1823.7437239305368,1753.6600534074428,1788.7018886689898,1699.348945203862,1700.5098876953125
2022-01-04 00:00:00+05:30,1858.247247041925,1866.2736706610629,1838.230356186403,1858.9324951171875,3921999,0.0,0.0,0.0003687898667001921,3.647295913904089,1785.0655212402344,1900.0540102487896,1670.0770322316791,1830.913644763394,1764.598384937727,1797.7560148505604,1699.348945203862,1732.1258544921875
2022-01-05 00:00:00+05:30,1859.7643973184963,1862.60300897988,1801.0349952979125,1805.5865478515625,6995719,0.0,0.0,-0.02869708685266814,3.542629146285402,1789.5338500976563,1900.2968382304723,1678.7708619648404,1837.2759639755297,1764.598384937727,1800.9371744566283,1699.348945203862,1684.897705078125
2022-01-06 00:00:00+05:30,1789.2891263948136,1789.2891263948136,1761.8820719423766,1779.30517578125,6449205,0.0,0.0,-0.01455558699281645,3.4910640995633577,1792.1938049316407,1899.187064751275,1685.2005451120062,1817.6995022977617,1764.598384937727,1791.1489436177444,1699.348945203862,1646.57666015625
2022-01-07 00:00:00+05:30,1777.0048237383785,1797.1196916101503,1768.5380972501116,1775.8792724609375,4834389,0.0,0.0,-0.0019254163742924435,3.484342347582354,1794.8880187988282,1897.2386717518539,1692.5373658458025,1817.6995022977617,1764.598384937727,1791.1489436177444,1699.348945203862,1701.439697265625
2022-01-10 00:00:00+05:30,1776.5644371633546,1830.301864696921,1774.6067904006402,1811.557373046875,7857560,0.0,0.0,0.020090386288757367,3.554344131307559,1800.0806762695313,1894.3460329854454,1705.8153195536172,1817.6995022977617,1764.598384937727,1791.1489436177444,1699.348945203862,1696.5947265625
2022-01-11 00:00:00+05:30,1815.7174173537069,1830.3997684374287,1810.9701477336923,1816.3046875,5142287,0.0,0.0,0.0026205708545352646,3.563658541945052,1805.1436401367187,1891.0126638143797,1719.2746164590576,1817.6995022977617,1765.8218760638283,1791.760689180795,1699.348945203862,1688.274658203125
2022-01-12 00:00:00+05:30,1829.3231478945413,1848.9974751090208,1820.61159539586,1837.6920166015625,5362535,0.0,0.0,0.011775187967499212,3.6056212911284393,1812.1544677734375,1883.1830563616475,1741.1258791852276,1817.6995022977617,1773.8237388538082,1795.761620575785,1699.348945203862,1670.802490234375
2022-01-13 00:00:00+05:30,1864.658505928403,1871.9996811485933,1826.8269590633,1856.6322021484373,14277630,0.0,0.0,0.010306506953162264,3.6427826520359243,1818.2819030761718,1882.0067746112154,1754.5570315411283,1817.6995022977617,1773.8237388538082,1795.761620575785,1699.348945203862,1694.0496826171875
2022-01-14 00:00:00+05:30,1842.145655411008,1892.0656492611467,1841.1668320021813,1888.492919921875,7688506,0.0,0.0,0.017160489695573267,3.7052945861994,1823.592022705078,1892.014486679883,1755.1695587302731,1826.9738606017618,1783.0980971578083,1805.035978879785,1699.348945203862,1697.6224365234375
2022-01-17 00:00:00+05:30,1897.4981440825693,1912.523059329733,1889.6185679424664,1898.427978515625,5262464,0.0,0.0,0.005260839735719447,3.724787547191024,1830.4731506347657,1899.9385646423898,1761.0077366271416,1837.2025656360547,1793.3268021921012,1815.264683914078,1699.348945203862,1705.9423828125
2022-01-18 00:00:00+05:30,1881.3964609545949,1903.811541041809,1870.9719676939933,1880.0750732421875,3690315,0.0,0.0,-0.009667422457494301,3.6887784524079144,1835.8150817871094,1903.2326275966539,1768.397535977565,1837.2025656360547,1793.3268021921012,1815.264683914078,1699.348945203862,1642.612548828125
2022-01-19 00:00:00+05:30,1875.4256881096244,1875.4256881096244,1823.4011990126585,1827.5123291015625,5747770,0.0,0.0,-0.027957790031214347,3.585648358963826,1837.8877502441405,1901.4576870918006,1774.3178133964805,1840.5305782899222,1798.636909605727,1819.5837439478246,1699.348945203862,1658.714111328125
2022-01-20 00:00:00+05:30,1804.9503631586872,1808.8656567880987,1777.0538960491306,1785.0802001953125,5533463,0.0,0.0,-0.023218518545979006,3.5023949160418653,1836.2286437988282,1903.429567837659,1769.0277197599974,1843.5649248651866,1816.6472905995686,1830.1061077323775,1702.3808876898115,1679.2694091796875
2022-01-21 00:00:00+05:30,1756.9879930579132,1769.712697185909,1738.3903485631497,1747.8848876953125,8252758,0.0,0.0,-0.020836773886086624,3.4294163051165216,1832.4210205078125,1909.9148801397291,1754.9271608758959,1825.4567039464414,1825.4567039464414,1825.4567039464414,1702.3808876898115,1666.7406005859375
2022-01-24 00:00:00+05:30,1727.6234036081023,1731.196133127352,1691.406935657111,1700.0206298828125,7116712,0.0,0.0,-0.027384101864746824,3.335504819680587,1826.0904907226563,1922.9451090105144,1729.2358724347982,1801.964997493422,1801.964997493422,1801.964997493422,1707.7532718333389,1684.408203125
2022-01-25 00:00:00+05:30,1690.0365025822032,1703.1527603810443,1664.4892350735438,1685.6807861328125,9137653,0.0,0.0,-0.008435099844046334,3.307369503496284,1817.9736022949219,1932.005694351588,1703.9415102382557,1788.5061472016384,1788.5061472016384,1788.5061472016384,1707.7532718333389,1686.806396484375
2022-01-27 00:00:00+05:30,1665.9574705745165,1673.4943631584438,1629.7410038228966,1643.052978515625,11231734,0.0,0.0,-0.025288185027594445,3.2237321315372465,1807.8452270507812,1944.301751963713,1671.3887021378494,1771.1320315763148,1771.1320315763148,1771.1320315763148,1707.7532718333389,1703.005859375
2022-01-28 00:00:00+05:30,1645.4022312473078,1690.9665109656112,1643.9339960617808,1650.4920654296875,10998502,0.0,0.0,0.004527600151264188,3.23832790162363,1797.7315368652344,1948.744719125067,1646.7183546054018,1771.1320315763148,1771.1320315763148,1771.1320315763148,1707.7532718333389,1740.543701171875
2022-01-31 00:00:00+05:30,1681.618688528048,1712.4516272292317,1679.0247824862886,1699.4332275390625,8788872,0.0,0.0,0.02965246736683569,3.3343523140496383,1790.314501953125,1945.330175213855,1635.298828692395,1766.776272432353,1771.1320315763148,1768.954152004334,1717.3457503271197,1774.9493408203125
2022-02-01 00:00:00+05:30,1728.6999769502484,1742.305646060926,1697.9648983979607,1734.5240478515625,5119935,0.0,0.0,0.020648543140064923,3.4032018316504677,1784.1283447265625,1937.6580314559226,1630.5986579972025,1752.5833459662604,1771.1320315763148,1761.8576887712875,1724.2709088814188,1787.233642578125
2022-02-02 00:00:00+05:30,1751.1150373536802,1754.8346140141657,1734.4750397935838,1749.2552490234375,4253717,0.0,0.0,0.008492935678880542,3.4321050059089235,1778.644482421875,1928.8585375914893,1628.4304272522606,1719.3033303054976,1771.1320315763148,1745.2176809409061,1724.2709088814188,1783.4161376953125
2022-02-03 00:00:00+05:30,1741.326880422002,1741.326880422002,1697.2798261111589,1701.7335205078125,3832922,0.0,0.0,-0.027166834881390267,3.338865575917803,1773.4518310546875,1926.7635183789325,1620.1401437304426,1699.7268505044028,1771.1320315763148,1735.4294410403588,1740.8129767790192,1850.661376953125
2022-02-04 00:00:00+05:30,1695.3221012191536,1716.8072267055052,1673.9348341741545,1704.2293701171875,4700077,0.0,0.0,0.0014666512584355917,3.34376252731647,1769.6980407714843,1925.9331410328168,1613.4629405101518,1692.287808918531,1771.1320315763148,1731.7099202474228,1740.8129767790192,1800.349853515625
2022-02-07 00:00:00+05:30,1685.7296095833483,1695.3221266854955,1659.4972141872342,1678.68212890625,4310209,0.0,0.0,-0.014990494624077977,3.293637873126539,1764.83818359375,1926.0246933056856,1603.6516738818145,1692.287808918531,1771.1320315763148,1731.7099202474228,1747.615833930026,1849.388916015625
2022-02-08 00:00:00+05:30,1673.7880130695485,1688.4703640613866,1660.084485477166,1680.9334716796875,6053401,0.0,0.0,0.0013411370352196528,3.298055092858791,1758.3069885253906,1921.9856234921283,1594.6283535586529,1692.287808918531,1771.1320315763148,1731.7099202474228,1747.615833930026,1815.3258056640625
2022-02-09 00:00:00+05:30,1698.2585461512615,1706.0891331075786,1688.4703124558653,1700.5098876953125,3867244,0.0,0.0,0.011646157534160428,3.336464762026565,1752.5172485351563,1915.7668942166308,1589.2676028536819,1699.3843050379733,1771.1320315763148,1735.258168307144,1749.6958014345992,1813.808837890625
2022-02-10 00:00:00+05:30,1718.4713159371067,1736.33484288139,1711.7174106200207,1732.1258544921875,4334630,0.0,0.0,0.018592051140451593,3.3984964855104773,1747.2389404296875,1905.8422965613988,1588.6355842979763,1707.1659141006999,1771.1320315763148,1739.1489728385072,1749.6958014345992,1847.431396484375
2022-02-11 00:00:00+05:30,1703.1527861369368,1708.9767378126596,1676.7245532486052,1684.897705078125,7551371,0.0,0.0,-0.02726600338628893,3.3058330688282576,1738.6522155761718,1891.0434402577725,1586.260990894571,1707.1659141006999,1771.1320315763148,1739.1489728385072,1749.6958014345992,1832.7490234375
2022-02-14 00:00:00+05:30,1654.2115303983533,1682.1569859988977,1642.7103555568262,1646.57666015625,7459637,0.0,0.0,-0.022743840653577374,3.230645728283501,1726.5564025878907,1867.2901285822957,1585.8226765934858,1698.772484785496,1771.1320315763148,1734.9522581809056,1749.6958014345992,1846.74609375
2022-02-15 00:00:00+05:30,1663.02088057201,1709.759695785261,1654.6518930905022,1701.439697265625,4669915,0.0,0.0,0.03331945510764678,3.338289083595754,1716.7069885253907,1833.191306468349,1600.2226705824323,1692.018617989414,1771.1320315763148,1731.5753247828643,1749.6958014345992,1836.81103515625
2022-02-16 00:00:00+05:30,1701.4398548255626,1718.2755703008288,1690.281243645312,1696.5947265625,5350642,0.0,0.0,-0.0028475712133150255,3.328783067699583,1707.5329711914062,1796.4924305470756,1618.5735118357368,1689.522599219108,1771.1320315763148,1730.3273153977116,1749.6958014345992,1834.2171630859373
2022-02-17 00:00:00+05:30,1707.0680198013213,1711.9621368305682,1683.8699528768027,1688.274658203125,3937950,0.0,0.0,-0.004903981032778781,3.312458778673349,1700.5710876464843,1770.4442116641749,1630.6979636287938,1689.522599219108,1771.1320315763148,1730.3273153977116,1749.6958014345992,1846.06103515625
2022-02-18 00:00:00+05:30,1673.7879492830536,1686.0232413099766,1667.4255974290538,1670.802490234375,5602215,0.0,0.0,-0.01034912647883135,3.278177723816943,1694.8572021484374,1753.8945563461025,1635.8198479507723,1689.522599219108,1771.1320315763148,1730.3273153977116,1749.6958014345992,1863.6307373046875
2022-02-21 00:00:00+05:30,1664.9786741951943,1700.5100129201046,1655.6798514998068,1694.0496826171875,5120890,0.0,0.0,0.013913788445186981,3.323789595151857,1692.1654418945313,1745.9027447438873,1638.4281390451754,1689.522599219108,1771.1320315763148,1730.3273153977116,1753.6600534074428,1866.4693603515625
2022-02-22 00:00:00+05:30,1663.902016268146,1713.9198709581606,1655.2394525821194,1697.6224365234375,8878515,0.0,0.0,0.0021090018450522496,3.3307994735405977,1692.0455322265625,1745.7221997613576,1638.3688646917674,1689.522599219108,1771.1320315763148,1730.3273153977116,1762.9344117114424,1863.2392578125
2022-02-23 00:00:00+05:30,1712.9409942001455,1721.0162874585176,1696.692549237932,1705.9423828125,5478811,0.0,0.0,0.004900940344603866,3.347123523060258,1693.058612060547,1746.983476509184,1639.13374761191,1681.863321507672,1766.776272432353,1724.3197969700125,1773.1631167457358,1843.0755615234373
2022-02-24 00:00:00+05:30,1654.3094409219404,1678.633179051245,1635.1245257559517,1642.612548828125,13592379,0.0,0.0,-0.03712307908076373,3.222867991820608,1693.0365905761719,1747.044314960428,1639.0288661919158,1678.0704066072346,1752.5833459662604,1715.3268762867474,1773.1631167457358,1821.688232421875
2022-02-25 00:00:00+05:30,1678.6821326042634,1691.5536842236202,1641.4868433687172,1658.714111328125,9737281,0.0,0.0,0.009802410502395942,3.254459866871466,1693.4476928710938,1746.2526766158364,1640.642709126351,1678.0704066072346,1719.3033303054976,1698.686868456366,1773.1631167457358,1790.1212158203125
2022-02-28 00:00:00+05:30,1646.576683566169,1691.455832259177,1629.7409687997072,1679.2694091796875,15076542,0.0,0.0,0.012392309024913173,3.294790139250915,1692.439501953125,1745.521110050048,1639.357893856202,1675.3786281291123,1699.726832992808,1687.5527305609603,1773.1631167457358,1772.6492919921875
2022-03-02 00:00:00+05:30,1673.7880815562717,1678.0949285871573,1655.1904362056464,1666.7406005859375,6771489,0.0,0.0,-0.007460868711870461,3.2702081425887988,1689.0503295898438,1739.5145870844794,1638.5860720952082,1675.3786281291123,1692.2877914069363,1683.8332097680243,1773.1631167457358,1776.1729736328125
2022-03-03 00:00:00+05:30,1683.7719440258268,1697.1818961308593,1669.432276981702,1684.408203125,7344147,0.0,0.0,0.010600091299660885,3.3048726474691343,1685.8079772949218,1727.9461320505732,1643.6698225392704,1675.3786281291123,1692.2877914069363,1683.8332097680243,1773.1631167457358,1729.1405029296875
2022-03-04 00:00:00+05:30,1659.3503525893173,1699.237405748447,1645.402119276002,1686.806396484375,9074499,0.0,0.0,0.0014237601995321647,3.3095779936091234,1685.06162109375,1726.562141183968,1643.5611010035323,1675.3786281291123,1692.2877914069363,1683.8332097680243,1773.1631167457358,1705.55078125
2022-03-07 00:00:00+05:30,1661.0633008090804,1713.9197641229816,1660.0844774143784,1703.005859375,9742588,0.0,0.0,0.009603629037919115,3.341361952931806,1685.0004455566407,1726.3900243636479,1643.6108667496335,1675.3786281291123,1692.2877914069363,1683.8332097680243,1771.1320315763148,1711.521728515625
2022-03-08 00:00:00+05:30,1682.059003724615,1761.8820988295884,1682.059003724615,1740.543701171875,10984500,0.0,0.0,0.02204210959711639,3.415012619301964,1688.093524169922,1735.948549122568,1640.2384992172758,1695.8115338146476,1695.8115338146476,1695.8115338146476,1771.1320315763148,1587.064208984375
2022-03-09 00:00:00+05:30,1753.0726623149449,1792.8128673905237,1753.0726623149449,1774.9493408203125,10193515,0.0,0.0,0.019767179430928872,3.4825177865065924,1692.7943176269532,1753.7507302812505,1631.837904972656,1711.2769180951154,1711.2769180951154,1711.2769180951154,1771.1320315763148,1528.9222412109375
2022-03-10 00:00:00+05:30,1805.6844394884183,1805.6844394884183,1771.8660437423769,1787.233642578125,6547182,0.0,0.0,0.0069209309107014505,3.5066200515022934,1697.1305053710937,1770.8251396236958,1623.4358711184916,1717.7127041440626,1717.7127041440626,1717.7127041440626,1771.1320315763148,1554.077880859375
2022-03-11 00:00:00+05:30,1775.585550921678,1792.617101051388,1772.6490808815647,1783.4161376953125,4758657,0.0,0.0,-0.0021359853529310247,3.49912996243399,1699.69501953125,1781.31628557854,1618.07375348396,1717.7127041440626,1717.7127041440626,1717.7127041440626,1771.1320315763148,1584.5194091796875
2022-03-14 00:00:00+05:30,1792.7640677315962,1854.8703654181063,1792.7640677315962,1850.661376953125,10289724,0.0,0.0,0.037705860026988836,3.631067667013769,1707.983203125,1812.6161028201025,1603.3503034298976,1750.1362423470541,1742.3056671089066,1746.2209547279804,1771.1320315763148,1551.87548828125
2022-03-15 00:00:00+05:30,1848.3610676237545,1848.3610676237545,1791.2467484751664,1800.349853515625,7140443,0.0,0.0,-0.027185699158174148,3.5323545537953596,1715.6718627929688,1823.706967048961,1607.6367585369767,1750.1362423470541,1742.3056671089066,1746.2209547279804,1771.1320315763148,1528.0411376953125
2022-03-16 00:00:00+05:30,1825.505601673088,1853.842490698515,1809.8444276104767,1849.388916015625,5233979,0.0,0.0,0.02723862942762989,3.6285710504931923,1723.0693237304688,1845.6439613154696,1600.494686145468,1750.1362423470541,1742.3056671089066,1746.2209547279804,1771.1320315763148,1547.519775390625
2022-03-17 00:00:00+05:30,1882.57104315424,1882.57104315424,1794.2322336438926,1815.3258056640625,17731459,0.0,0.0,-0.018418576026155153,3.5617379387333776,1729.005877685547,1857.3070827740771,1600.7046725970167,1771.327760284309,1756.1560059769736,1763.7418831306413,1771.1320315763148,1519.9169921875
2022-03-21 00:00:00+05:30,1821.590436507168,1846.9419877043515,1802.1118259972725,1813.808837890625,8362085,0.0,0.0,-0.0008356449121719178,3.558761590546385,1735.2825866699218,1867.2693322003825,1603.2958411394611,1782.3150234394275,1756.1560059769736,1769.2355147082005,1771.1320315763148,1549.0858154296875
2022-03-22 00:00:00+05:30,1810.823375694892,1849.9763135477544,1800.0563177853544,1847.431396484375,5709382,0.0,0.0,0.018536991270177827,3.6247303230829875,1744.114031982422,1881.2543876357672,1606.9736763290766,1817.8218527345925,1756.1560059769736,1786.988929355783,1771.1320315763148,1534.3546142578125
2022-03-23 00:00:00+05:30,1856.828056039426,1859.76452634418,1817.6751186427064,1832.7490234375,6192824,0.0,0.0,-0.007947452378916586,3.5959229514538706,1751.0489990234375,1891.386640730864,1610.7113573160111,1827.2185434483085,1756.1560059769736,1791.687274712641,1771.1320315763148,1508.3668212890625
2022-03-24 00:00:00+05:30,1816.8431100406424,1854.478822644246,1816.8431100406424,1846.74609375,3784303,0.0,0.0,0.007637199711200582,3.6233857331802137,1758.5051818847655,1902.5341694748038,1614.4761942947273,1827.6100620179022,1756.1560059769736,1791.883033997438,1771.1320315763148,1503.0323486328125
2022-03-25 00:00:00+05:30,1851.9338083659743,1853.8914550978625,1818.65381392388,1836.81103515625,3438588,0.0,0.0,-0.005379764239043738,3.6038927721885896,1765.0486145019531,1910.8305623583442,1619.266666645562,1836.908895814703,1756.1560059769736,1796.5324508958383,1771.1320315763148,1551.58203125
2022-03-28 00:00:00+05:30,1826.4844344556564,1841.0689267736063,1813.417166176944,1834.2171630859373,4008555,0.0,0.0,-0.001412160543826424,3.5988034970115237,1774.6288452148438,1911.8062018093362,1637.4514886203513,1836.908895814703,1756.1560059769736,1796.5324508958383,1771.1320315763148,1510.177734375
2022-03-29 00:00:00+05:30,1834.2172952540543,1849.389058798552,1821.150026033754,1846.06103515625,3917785,0.0,0.0,0.006457180920925509,3.6220416222905865,1783.99619140625,1913.5254010859853,1654.4669817265149,1838.4016383990663,1756.1560059769736,1797.27882218802,1771.1320315763148,1537.0953369140625
2022-03-30 00:00:00+05:30,1869.5526665819505,1878.3620770527552,1854.8703157972752,1863.6307373046875,7795839,0.0,0.0,0.009517400461762415,3.6565140428990976,1793.2142578125,1917.7087077439735,1668.7198078810263,1838.4016383990663,1756.1560059769736,1797.27882218802,1771.1320315763148,1520.11279296875
2022-03-31 00:00:00+05:30,1859.764444016244,1872.4891481068807,1854.0872205509247,1866.4693603515625,5399145,0.0,0.0,0.0015231681845837564,3.6620835287557254,1803.2006958007812,1916.9831966796087,1689.4181949219537,1839.2091974190548,1756.1560059769736,1797.6826016980142,1771.1320315763148,1494.4185791015625
2022-04-01 00:00:00+05:30,1846.892835982224,1869.8463155034583,1838.523967931507,1863.2392578125,6171518,0.0,0.0,-0.0017305949980631619,3.655745945318371,1812.1422485351563,1914.605611154798,1709.6788859155147,1839.2091974190548,1756.1560059769736,1797.6826016980142,1771.1320315763148,1476.8487548828125
2022-04-04 00:00:00+05:30,1849.7316087563888,1852.9127849587744,1833.3363160210165,1843.0755615234373,7364074,0.0,0.0,-0.01082185028278948,3.6161840100262213,1819.9557067871094,1905.2148766678313,1734.6965369063876,1845.8896216148496,1756.1560059769736,1801.0228137959116,1771.1320315763148,1472.5419921875
2022-04-05 00:00:00+05:30,1843.9075956172287,1849.584699728892,1817.821927729576,1821.688232421875,5472024,0.0,0.0,-0.011604152074961127,3.574221260842834,1825.889825439453,1891.934783787327,1759.844867091579,1845.8896216148496,1756.1560059769736,1801.0228137959116,1771.1320315763148,1457.56591796875
2022-04-06 00:00:00+05:30,1815.7174725514496,1818.1645311397945,1783.5631465976628,1790.1212158203125,5407453,0.0,0.0,-0.01732844075058615,3.5122855794948338,1828.368701171875,1884.2527579657685,1772.4846443779816,1830.962611825209,1756.1560059769736,1793.5593089010913,1771.1320315763148,1486.2943115234375
2022-04-07 00:00:00+05:30,1782.486515592222,1789.436138284422,1769.272398838001,1772.6492919921875,5797544,0.0,0.0,-0.00976019035678466,3.4780050036515746,1828.2536987304688,1884.5895561721006,1771.917841288837,1823.817237945378,1763.986581215121,1793.9019095802496,1771.1320140647201,1477.240234375
2022-04-08 00:00:00+05:30,1784.39511434859,1799.077465810591,1769.7127628865885,1776.1729736328125,5131446,0.0,0.0,0.0019878052903881116,3.4849186003978296,1827.700665283203,1885.844435943027,1769.556894623379,1823.817237945378,1763.986581215121,1793.9019095802496,1771.1320140647201,1396.9278564453125
2022-04-11 00:00:00+05:30,1775.5856248710404,1775.5856248710404,1725.2252093798063,1729.1405029296875,8248407,0.0,0.0,-0.02647966802857571,3.3926391127526863,1824.986883544922,1895.1188258536286,1754.8549412362154,1801.7936432162808,1763.986581215121,1782.8901122157008,1771.1320140647201,1424.3348388671875
2022-04-12 00:00:00+05:30,1720.282121177093,1720.282121177093,1691.162125100269,1705.55078125,6456184,0.0,0.0,-0.013642455103977547,3.3463551859729597,1817.7313537597656,1904.0827487504591,1731.3799587690721,1781.8256366035748,1771.327760284309,1776.576698443942,1771.1320140647201,1437.3043212890625
2022-04-13 00:00:00+05:30,1717.7861027776296,1720.2821502776922,1695.3221532181865,1711.521728515625,6257693,0.0,0.0,0.00350089093286865,3.3580704105016905,1813.2899475097656,1911.251703824737,1715.3281911947943,1780.5042203018636,1782.3150234394275,1781.4096218706454,1771.1320140647201,1410.4844970703125
2022-04-18 00:00:00+05:30,1571.5008937693924,1615.058532992524,1556.329131792796,1587.064208984375,30523965,0.0,0.0,-0.07271746391393463,3.113880046605582,1800.1737121582032,1937.9598492299192,1662.3875750864872,1704.6209583757852,1719.4500874735181,1712.0355229246516,1771.1320140647201,1380.5814208984375
2022-04-19 00:00:00+05:30,1601.9914362388504,1601.9914362388504,1517.1763597163597,1528.9222412109375,17044923,0.0,0.0,-0.03663491838849098,2.999803305226636,1785.853533935547,1967.473790753492,1604.2332771176018,1683.3805297226259,1699.8737014352998,1691.6271155789627,1771.1320140647201,1393.7955322265625
2022-04-20 00:00:00+05:30,1541.6468713417155,1562.4958577768296,1529.9009904172071,1554.077880859375,10678747,0.0,0.0,0.016453184452672742,3.049159622329267,1772.8669860839843,1980.2495530790277,1565.484419088941,1667.670445428077,1699.8737014352998,1683.7720734316886,1771.1320140647201,1430.403564453125
2022-04-21 00:00:00+05:30,1561.2233638559376,1592.7414303666285,1555.5951291586514,1584.5194091796875,7766514,0.0,0.0,0.01958816137546404,3.108887053071002,1759.72138671875,1979.6241482849023,1539.8186251525976,1658.1269127634755,1699.8737014352998,1679.0003070993876,1771.1320140647201,1494.4676513671875
2022-04-22 00:00:00+05:30,1570.3752741587048,1576.5907787577096,1548.8901486475363,1551.87548828125,8134245,0.0,0.0,-0.020601780394307267,3.044838444732928,1745.6777099609376,1980.6585041546034,1510.6969157672718,1658.1269127634755,1699.8737014352998,1679.0003070993876,1771.1320140647201,1487.345458984375
2022-04-25 00:00:00+05:30,1539.4934428056245,1539.4934428056245,1521.1893741112071,1528.0411376953125,7000570,0.0,0.0,-0.015358416809801434,2.998074546780212,1729.7424621582031,1978.1385939756717,1481.3463303407345,1646.3809922937,1699.8737014352998,1673.1273468645,1771.1320140647201,1462.5662841796875
2022-04-26 00:00:00+05:30,1543.8001987246078,1558.2868326514074,1533.3758252376172,1547.519775390625,5345435,0.0,0.0,0.012747456344461616,3.0362923711827343,1715.277899169922,1970.7196148632597,1459.8361834765842,1618.729254997026,1699.8737014352998,1659.3014782161629,1771.1320140647201,1491.6978759765625
2022-04-27 00:00:00+05:30,1539.4444708234823,1539.4444708234823,1517.5188032154458,1519.9169921875,8819356,0.0,0.0,-0.017836788674417736,2.982134665804201,1699.562890625,1962.447402581152,1436.678378668848,1618.729254997026,1697.7692183845575,1658.2492366907918,1771.1320140647201,1505.249755859375
2022-04-28 00:00:00+05:30,1536.7526650720238,1567.879295508993,1524.468384190874,1549.0858154296875,9245177,0.0,0.0,0.01919106332261422,3.039365001012212,1684.714129638672,1946.3543115716006,1423.0739477057432,1566.1174463544419,1697.7692183845575,1631.9433323694998,1771.1320140647201,1513.509521484375
2022-04-29 00:00:00+05:30,1556.3291510173758,1563.4746093790495,1527.7475565412294,1534.3546142578125,9831395,0.0,0.0,-0.009509609490413462,3.010461826753756,1668.2503234863282,1924.0984542071697,1412.4021927654867,1559.583897977605,1697.7692183845575,1628.6765581810812,1771.1320140647201,1490.411865234375
2022-05-02 00:00:00+05:30,1518.0571966012778,1519.8679959484698,1498.5785875363756,1508.3668212890625,7072627,0.0,0.0,-0.016937279509743997,2.959472793340613,1650.345196533203,1898.1075532691236,1402.5828397972825,1545.660008951502,1688.4703322945654,1617.0651706230337,1771.1320140647201,1483.7843017578125
2022-05-04 00:00:00+05:30,1514.4845348394251,1536.752767618612,1497.7466782738836,1503.0323486328125,6220959,0.0,0.0,-0.0035365884352263066,2.949006356085318,1632.3348510742187,1867.4905620221284,1397.179140126309,1545.244054320256,1688.0543776633194,1616.6492159917877,1771.1320140647201,1498.6221923828125
2022-05-05 00:00:00+05:30,1527.01358630527,1555.7420309542867,1524.468549721478,1551.58203125,6144870,0.0,0.0,0.03230115616696416,3.0442626709305998,1617.7601745605468,1834.04271069229,1401.4776384288036,1537.1687285157966,1688.0543776633194,1612.6115530895581,1771.1320140647201,1460.835205078125
2022-05-06 00:00:00+05:30,1517.1763459323254,1528.7753799057834,1502.5429831640597,1510.177734375,6171472,0.0,0.0,-0.02668521292531567,2.9630258733562265,1602.1846496582032,1801.5056924868002,1402.8636068296062,1532.8129868914384,1688.0543776633194,1610.433682277379,1771.1320140647201,1409.1005859375
2022-05-09 00:00:00+05:30,1507.3880699519996,1553.1970538979,1489.9160957655213,1537.0953369140625,6832202,0.0,0.0,0.01782412886003959,3.0158392283385593,1589.5333557128906,1770.6324583940261,1408.4342530317551,1528.8976956372571,1684.1390864091381,1606.5183910231976,1771.1320140647201,1424.97705078125
2022-05-10 00:00:00+05:30,1525.006910138643,1535.9208153245606,1513.3100178967118,1520.11279296875,6212545,0.0,0.0,-0.011048464943890446,2.982518834347851,1576.9065307617188,1739.2236448192198,1414.589416704218,1528.8976956372571,1681.202621936201,1605.050158786729,1771.1320140647201,1406.8253173828125
2022-05-11 00:00:00+05:30,1517.127233475559,1517.127233475559,1479.5893811593864,1494.4185791015625,7846080,0.0,0.0,-0.01690283378051649,2.9321058142436094,1562.8188110351562,1700.2658515712176,1425.3717704990947,1523.7343383341897,1674.7178483314224,1599.2260933328062,1771.1320140647201,1382.0955810546875
2022-05-12 00:00:00+05:30,1481.9385886348723,1495.152704187429,1472.4440496986267,1476.8487548828125,7034979,0.0,0.0,-0.011756963185851732,2.8976331541285254,1550.2042236328125,1669.155530937068,1431.252916328557,1517.9593295388381,1662.6784173287006,1590.3188734337693,1771.1320140647201,1372.302734375
2022-05-13 00:00:00+05:30,1487.1264851935218,1496.8657305292215,1466.375356783556,1472.5419921875,6723761,0.0,0.0,-0.0029161839904549014,2.8891831227142446,1538.5537841796875,1638.256746938075,1438.8508214213,1511.0586938689214,1657.9800282562242,1584.519361062573,1766.7762549207582,1398.8624267578125
2022-05-16 00:00:00+05:30,1478.0233511633649,1479.834150577337,1447.337261114082,1457.56591796875,6145331,0.0,0.0,-0.010170218776921036,2.859799498269653,1525.8559936523438,1593.4264472332789,1458.2855400714088,1501.5396460341844,1632.7508961269382,1567.1452710805613,1756.1560059769736,1434.2259521484375
2022-05-17 00:00:00+05:30,1463.2430926472953,1492.705652447733,1449.5395653461358,1486.2943115234375,6516378,0.0,0.0,0.01970984173033008,2.916165693761025,1520.8174987792968,1584.2372834659925,1457.397714092601,1501.5396460341844,1623.2073634623366,1562.3735047482605,1756.1560059769736,1421.712646484375
2022-05-18 00:00:00+05:30,1489.76922174754,1516.882582259872,1473.4229186854204,1477.240234375,6594126,0.0,0.0,-0.006091712171835684,2.8984012517092514,1518.2333984375,1584.3071341515495,1452.1596627234505,1500.267157505991,1623.2073634623366,1561.737260484164,1756.1560059769736,1436.748291015625
2022-05-19 00:00:00+05:30,1449.6374732887,1453.2590721192796,1387.629034030564,1396.9278564453125,16561140,0.0,0.0,-0.054366497784747,2.7408253264788924,1510.3758972167968,1593.0289085280333,1427.7228859055604,1470.4130439642322,1581.6073294508024,1526.0101867075173,1756.1560059769736,1425.5211181640625
2022-05-20 00:00:00+05:30,1422.2303447421934,1435.6891659673863,1416.0637097685412,1424.3348388671875,10488908,0.0,0.0,0.019619468747381186,2.7945988633137757,1502.3666687011719,1585.778021014628,1418.9553163877158,1461.7749246775625,1553.9555921541282,1507.8652584158453,1756.1560059769736,1458.658935546875
2022-05-23 00:00:00+05:30,1424.285922122495,1456.489236256678,1419.342935585776,1437.3043212890625,5887569,0.0,0.0,0.009105641502239692,2.8200454787056777,1496.6381103515625,1581.402784229664,1411.8734364734612,1452.3781337530615,1553.9555921541282,1503.1668629535948,1756.1560059769736,1464.14892578125
2022-05-24 00:00:00+05:30,1437.4999985855686,1438.4299524920132,1404.8562626094142,1410.4844970703125,5693167,0.0,0.0,-0.018659809075573075,2.767423968488597,1490.7602783203124,1582.120513165636,1399.4000434749887,1452.255808145218,1501.3437835115442,1476.799795828381,1756.1560059769736,1447.431640625
2022-05-25 00:00:00+05:30,1404.6115832350015,1411.9527587571356,1369.6186465794954,1380.5814208984375,9630092,0.0,0.0,-0.021200570608174707,2.708753001241899,1482.4133605957031,1581.7513225807336,1383.0753986106727,1443.2506144196836,1485.8050414091729,1464.5278279144281,1719.4500874735181,1446.09619140625
2022-05-26 00:00:00+05:30,1387.9715807923842,1399.7174615889348,1377.2535123596433,1393.7955322265625,13040065,0.0,0.0,0.009571410369643818,2.7346795878067898,1476.1072875976563,1581.0389662620914,1371.1756089332212,1443.2506144196836,1481.1800384730618,1462.2153264463727,1699.8737014352998,1463.4071044921875
2022-05-27 00:00:00+05:30,1413.372013244136,1435.9339406095153,1406.9607916081106,1430.403564453125,8284860,0.0,0.0,0.026264994671120645,2.8065059326077577,1470.1731750488282,1571.2363532339098,1369.1099968637466,1443.2506144196836,1481.1800384730618,1462.2153264463727,1699.8737014352998,1471.9140625
2022-05-30 00:00:00+05:30,1455.5104313028312,1497.5998385294763,1453.5527844550802,1494.4676513671875,10904213,0.0,0.0,0.04478742119085499,2.932202095886095,1468.1788269042968,1565.5654187693904,1370.7922350392032,1443.2506144196836,1473.1047126686026,1458.1776635441431,1699.8737014352998,1459.9942626953125
2022-05-31 00:00:00+05:30,1494.368680996951,1501.5898133800138,1472.0625279587452,1487.345458984375,16033857,16.0,0.0,-0.004765705283949706,2.918228084864122,1467.1277587890625,1563.1871469889265,1371.0683705891984,1435.6042299797546,1468.7489710442442,1452.1766005119994,1699.8737014352998,1475.524658203125
2022-06-01 00:00:00+05:30,1496.643816499649,1498.3748982437826,1456.1859390151865,1462.5662841796875,8738508,0.0,0.0,-0.01665999963559761,2.869610406033695,1465.1044555664062,1559.7321908730598,1370.4767202597525,1435.6042299797546,1468.7489710442442,1452.1766005119994,1699.8737014352998,1482.4984130859375
2022-06-02 00:00:00+05:30,1467.9573262262725,1497.48461082806,1459.6481096635348,1491.6978759765625,7205840,0.0,0.0,0.01991813438610346,2.926767691736835,1462.1102478027344,1548.9957879542926,1375.2247076511762,1435.6042299797546,1468.7489710442442,1452.1766005119994,1699.8737014352998,1498.078125
2022-06-03 00:00:00+05:30,1508.4152350084184,1538.189817617305,1501.589802664353,1505.249755859375,9395707,0.0,0.0,0.009084869061666057,2.9533569929901784,1461.8638488769532,1548.2234126954393,1375.504285058467,1453.9042320984001,1468.7489710442442,1461.326601571322,1699.8737014352998,1457.224609375
2022-06-06 00:00:00+05:30,1499.6113599863413,1519.9886405959146,1476.860000303171,1513.509521484375,6624883,0.0,0.0,0.005487305739693804,2.969562965769178,1460.6845581054688,1543.4329610831742,1377.9361551277634,1453.9042320984001,1466.5466279792724,1460.2254300388363,1699.8737014352998,1423.048095703125
2022-06-07 00:00:00+05:30,1503.4197321289062,1503.4197321289062,1486.3562121790335,1490.411865234375,4904592,0.0,0.0,-0.015260991703142324,2.924244489986616,1459.19951171875,1538.5908335320566,1379.8081899054434,1457.721664988474,1462.680338766891,1460.2010018776825,1699.8737014352998,1428.8348388671875
2022-06-08 00:00:00+05:30,1503.765882054547,1503.765882054547,1475.8707854817708,1483.7843017578125,4697608,0.0,0.0,-0.004446799996134176,2.9112409595998483,1458.6677978515625,1537.2378437852378,1380.097751917887,1472.575304612708,1462.680338766891,1467.6278216897995,1690.5748153453078,1413.4034423828125
2022-06-09 00:00:00+05:30,1468.9465054049351,1500.5510637361028,1465.484341924183,1498.6221923828125,4361061,0.0,0.0,0.010000032085136557,2.9403534626034107,1459.7564697265625,1539.9087755655262,1379.6041638875988,1495.8713010361926,1462.680338766891,1479.2758199015418,1690.1588607140618,1414.8873291015625
2022-06-10 00:00:00+05:30,1470.0345956274691,1477.79970960078,1457.6697260041465,1460.835205078125,6516436,0.0,0.0,-0.025214485343104442,2.8662139633170507,1459.1711303710938,1539.109794933103,1379.2324658090845,1497.1878783162456,1461.4078502386978,1479.2978642774717,1690.1588607140618,1473.7935791015625
2022-06-13 00:00:00+05:30,1427.994083157252,1427.994083157252,1396.4389107505997,1409.1005859375,6987685,0.0,0.0,-0.03541441153717151,2.764708682466553,1456.7478637695312,1539.6503613675968,1373.8453661714657,1467.3143641839524,1461.4078502386978,1464.3611072113251,1690.1588607140618,1468.105712890625
2022-06-14 00:00:00+05:30,1394.7572618084623,1433.2367593517536,1387.981337559032,1424.97705078125,6090247,0.0,0.0,0.011267091222722847,2.7958589073961577,1453.6820007324218,1536.521553282834,1370.8424481820095,1463.0855775881685,1453.9042320984001,1458.4949048432843,1686.2435694598807,1498.9189453125
2022-06-15 00:00:00+05:30,1424.6307291267974,1430.7637767334647,1403.511556569484,1406.8253173828125,4651958,0.0,0.0,-0.012738263671324246,2.760244519445925,1450.1612548828125,1534.6832620894377,1365.6392476761873,1463.0855775881685,1453.9042320984001,1458.4949048432843,1686.2435694598807,1516.3287353515625
2022-06-16 00:00:00+05:30,1422.4545627057184,1428.1424025774556,1376.951843731822,1382.0955810546875,6641772,0.0,0.0,-0.017578398698518516,2.711723840777704,1449.4196411132812,1536.0540054024686,1362.7852768240937,1448.4702421638683,1453.9042320984001,1451.1872371311342,1681.080212156813,1490.0162353515625
2022-06-17 00:00:00+05:30,1376.0121952506431,1381.8483170944455,1352.3705404530729,1372.302734375,9692047,0.0,0.0,-0.007085506106758954,2.6925099049440298,1446.8180358886718,1539.3023070489457,1354.333764728398,1428.06821125381,1445.280179035189,1436.6741951444994,1677.5075464264332,1487.345458984375
2022-06-20 00:00:00+05:30,1375.0229827448502,1406.973732770297,1367.0599585643745,1398.8624267578125,4595194,0.0,0.0,0.019354105852531722,2.7446210266533067,1444.8959411621095,1539.6856232384418,1350.106259085777,1428.06821125381,1445.280179035189,1436.6741951444994,1674.473199968898,1435.46240234375
2022-06-21 00:00:00+05:30,1408.6059186630678,1440.259984251002,1407.369431726039,1434.2259521484375,6270787,0.0,0.0,0.025280202480374214,2.814005601938995,1446.0830139160157,1539.693816715591,1352.4722111164403,1426.460802094588,1445.280179035189,1435.8704905648883,1664.954152134161,1455.1473388671875
2022-06-22 00:00:00+05:30,1420.5256673532438,1443.821008244086,1419.486970050498,1421.712646484375,6253366,0.0,0.0,-0.008724779833552576,2.7894540226116935,1448.1395751953125,1537.5737809395132,1358.705369451112,1415.0851250269266,1445.280179035189,1430.1826520310578,1664.954152134161,1500.9962158203125
2022-06-23 00:00:00+05:30,1424.235140005338,1442.2383412321078,1417.5086028707892,1436.748291015625,6254281,0.0,0.0,0.010575726795727824,2.8189545262640787,1450.2872131347656,1536.362418919452,1364.2120073500791,1398.0957743485794,1445.280179035189,1421.6879766918842,1664.954152134161,1532.947021484375
2022-06-24 00:00:00+05:30,1442.2384466685885,1451.63574793289,1413.4530532617596,1425.5211181640625,6114340,0.0,0.0,-0.007814293513880632,2.796926388193569,1450.0430908203125,1536.3725606359171,1363.7136210047079,1402.0031441929814,1445.280179035189,1423.641661614085,1635.1000385924021,1534.282470703125
2022-06-27 00:00:00+05:30,1452.1798162259456,1467.957341781069,1449.311142283919,1458.658935546875,4511097,0.0,0.0,0.023246107658854598,2.861944040127408,1448.2526550292969,1532.2514294052212,1364.2538806533726,1410.1639411170709,1445.280179035189,1427.7220600761298,1635.1000385924021,1526.9129638671875
2022-06-28 00:00:00+05:30,1453.1194382299818,1472.161336927005,1437.2924055467415,1464.14892578125,4412178,0.0,0.0,0.003763724405058788,2.872715608757148,1447.0928283691405,1529.5091521412178,1364.6765045970633,1412.265938690039,1445.280179035189,1428.773058862614,1635.1000385924021,1549.1697998046875
2022-06-29 00:00:00+05:30,1448.8659172035295,1461.0329972343245,1441.24920580258,1447.431640625,5060038,0.0,0.0,-0.011417749152347945,2.8399156625503243,1446.3360961914063,1528.4442455810163,1364.2279468017964,1412.265938690039,1445.280179035189,1428.773058862614,1635.1000385924021,1582.6043701171875
2022-06-30 00:00:00+05:30,1449.212162561554,1465.9788767176706,1439.270759530507,1446.09619140625,9165177,0.0,0.0,-0.0009226337059851097,2.8372954606379004,1444.0560119628906,1523.4581125093669,1364.6539114164143,1419.6106477456897,1445.280179035189,1432.4454133904392,1626.0948448668678,1599.17333984375
2022-07-01 00:00:00+05:30,1438.2816647406664,1468.9465420494428,1426.7575818599737,1463.4071044921875,4651635,0.0,0.0,0.011970789487457001,2.871260127310914,1441.9638793945312,1516.8342536562066,1367.0935051328559,1439.765384326522,1445.280179035189,1442.5227816808556,1626.0948448668678,1601.8935546875
2022-07-04 00:00:00+05:30,1464.247843424479,1476.1181181220595,1446.1951339885752,1471.9140625,4800224,0.0,0.0,0.005813117882029539,2.8879511009009438,1439.8841064453125,1508.6917018070417,1371.0765110835832,1444.7855856919095,1445.280179035189,1445.032882363549,1626.0948448668678,1585.1268310546875
2022-07-05 00:00:00+05:30,1482.5973404308852,1493.6267072726016,1456.0870122873396,1459.9942626953125,7379669,0.0,0.0,-0.008098162867227532,2.864564002533259,1438.3632263183595,1503.8666613338182,1372.8597913029007,1453.5398802671807,1445.280179035189,1449.4100296511847,1626.0948448668678,1602.4376220703125
2022-07-06 00:00:00+05:30,1466.176744240431,1483.7843670294528,1454.1086796888635,1475.524658203125,5209162,0.0,0.0,0.010637298998108058,2.8950352263274226,1437.950244140625,1502.387007357084,1373.513480924166,1453.5398802671807,1445.280179035189,1449.4100296511847,1626.0948448668678,1576.8670654296875
2022-07-07 00:00:00+05:30,1486.8014844693168,1497.5835545659802,1479.5308442701917,1482.4984130859375,3323472,0.0,0.0,0.004726288269085943,2.9087179973562045,1437.1440551757812,1498.8404448476026,1375.4476655039598,1462.1705682129768,1445.280179035189,1453.7253736240827,1626.0948448668678,1579.191650390625
2022-07-08 00:00:00+05:30,1498.6222275743096,1500.5510989728948,1483.7348759572094,1498.078125,3652582,0.0,0.0,0.010509091798373005,2.9392859818060004,1439.006201171875,1505.5618989228208,1372.4505034209294,1463.6543404164343,1445.280179035189,1454.4672597258116,1626.0948448668678,1588.8857421875
2022-07-11 00:00:00+05:30,1478.83837688706,1483.685429831006,1450.5475799141386,1457.224609375,4702638,0.0,0.0,-0.02727061756208471,2.8591298378905723,1441.41240234375,1506.9298018017812,1375.895002885719,1463.6543404164343,1436.1795905244937,1449.916965470464,1623.9903618161252,1565.8375244140625
2022-07-12 00:00:00+05:30,1445.9973662493176,1452.72378289595,1420.476226963216,1423.048095703125,4710356,0.0,0.0,-0.02345315434010764,2.792074224524118,1441.3159545898438,1506.936564035058,1375.6953451446298,1460.5136629680555,1428.06821125381,1444.2909371109326,1623.9903618161252,1579.8345947265625
2022-07-13 00:00:00+05:30,1434.324889330068,1444.2167851185511,1423.0481039810609,1428.8348388671875,5264025,0.0,0.0,0.004066442435456397,2.8034280336336668,1442.4164306640625,1506.3862553239549,1378.4466060041702,1460.5136629680555,1428.06821125381,1444.2909371109326,1623.9903618161252,1558.6165771484375
2022-07-14 00:00:00+05:30,1435.3140147246436,1437.2428860168702,1398.7140019439323,1413.4034423828125,6157606,0.0,0.0,-0.010799986159778507,2.773151049670488,1443.9818237304687,1503.2838930601122,1384.6797544008252,1449.6325504584136,1426.4608197129837,1438.0466850856988,1623.9903618161252,1525.7259521484375
2022-07-15 00:00:00+05:30,1430.368170588987,1430.368170588987,1395.4003421593725,1414.8873291015625,5620018,0.0,0.0,0.0010498677689989577,2.776062491576103,1446.1110534667969,1497.4016575382493,1394.8204493953444,1447.9757205661335,1426.4608197129837,1437.2182701395586,1623.9903618161252,1520.87890625
2022-07-18 00:00:00+05:30,1434.324890717208,1477.4535322465686,1432.3960193368607,1473.7935791015625,5835171,0.0,0.0,0.04163317374352693,2.8916387836107793,1449.8576110839845,1497.581111796164,1402.134110371805,1447.9757205661335,1426.4608197129837,1437.2182701395586,1623.9903618161252,1501.7381591796875
2022-07-19 00:00:00+05:30,1455.6419485570293,1470.7764764082958,1454.2075512414306,1468.105712890625,3418540,0.0,0.0,-0.003859337081930314,2.8804789748256425,1451.5515991210937,1499.3412575910313,1403.761940651156,1447.9757205661335,1426.4608197129837,1437.2182701395586,1623.9903618161252,1505.1014404296875
2022-07-20 00:00:00+05:30,1485.0207840953017,1509.3054353927669,1483.784297180984,1498.9189453125,5079392,0.0,0.0,0.020988428933503167,2.9409357030832206,1455.4119140625,1505.3840490668736,1405.4397790581265,1452.3528887760697,1430.8379879229199,1441.5954383494948,1623.9903618161252,1445.9478759765625
2022-07-21 00:00:00+05:30,1500.6005968377349,1518.85109633684,1486.8508374891512,1516.3287353515625,5008061,0.0,0.0,0.011614897585694894,2.975094370080646,1459.390936279297,1515.1857239304577,1403.5961486281362,1457.1257192481062,1435.6108183949564,1446.3682688215313,1621.053897343188,1476.810546875
2022-07-22 00:00:00+05:30,1517.4167369957397,1523.3518741678222,1476.0191793705997,1490.0162353515625,7020642,0.0,0.0,-0.01735276750123671,2.9234682491823984,1462.6156921386719,1517.6492952534898,1407.582089023854,1459.3761081635973,1437.8612073104475,1448.6186577370224,1619.7324810414768,1448.371337890625
2022-07-25 00:00:00+05:30,1464.099503375396,1500.7490263698255,1464.099503375396,1487.345458984375,7859626,0.0,0.0,-0.001792447829642163,2.9182280848641238,1464.0500183105469,1520.0934302892038,1408.00660633189,1459.3761081635973,1445.2059163660983,1452.2910122648477,1602.6416627059236,1437.29248046875
2022-07-26 00:00:00+05:30,1480.4705256995778,1480.4705256995778,1429.3788626191465,1435.46240234375,7268273,0.0,0.0,-0.03488298991147154,2.816431564020436,1462.6156921386719,1520.0420145255532,1405.1893697517905,1459.3761081635973,1459.3761081635973,1459.3761081635973,1600.9776200909823,1445.5028076171875
2022-07-27 00:00:00+05:30,1435.31404004799,1457.0762101934454,1429.378902735593,1455.1473388671875,4517285,0.0,0.0,0.013713306939489911,2.8550541545319157,1463.0014770507812,1520.114016544848,1405.8889375567144,1459.3761081635973,1459.3761081635973,1459.3761081635973,1585.2675357964335,1439.3697509765625
2022-07-28 00:00:00+05:30,1480.223235706253,1507.969929551056,1473.743995989455,1500.9962158203125,6636841,0.0,0.0,0.03150806501066605,2.9450113864418794,1465.7464782714844,1524.6147157316154,1406.8782408113534,1476.3653683934845,1459.3761081635973,1467.870738278541,1575.724003131832,1441.8922119140625
2022-07-29 00:00:00+05:30,1516.2298144265585,1538.8821588778756,1511.481656211486,1532.947021484375,7009465,0.0,0.0,0.021286399877164852,3.007700076456485,1469.2234741210937,1535.0151570785329,1403.4317911636545,1484.130510748511,1467.141250518624,1475.6358806335675,1575.724003131832,1459.9449462890625
2022-08-01 00:00:00+05:30,1547.092426832188,1547.092426832188,1521.2746042174124,1534.282470703125,2983249,0.0,0.0,0.0008711646260657346,3.010320278368909,1472.34189453125,1544.060509690366,1400.6232793721342,1488.2356447256673,1471.2463844957801,1479.7410146107236,1563.9780826620567,1495.3084716796875
2022-08-02 00:00:00+05:30,1529.8311454874895,1530.276232484321,1511.82782324315,1526.9129638671875,4374635,0.0,0.0,-0.00480322690029833,2.995861027029334,1475.6878295898437,1550.984458722287,1400.3912004574004,1488.2356447256673,1471.2463844957801,1479.7410146107236,1536.3263453653826,1519.593017578125
2022-08-03 00:00:00+05:30,1532.254681888783,1553.0276633733952,1523.2530807289208,1549.1697998046875,6011955,0.0,0.0,0.014576361891073697,3.0395297815346773,1479.3700866699219,1561.2632453323592,1397.4769280074845,1491.203262996271,1474.2140027663838,1482.7086328813275,1536.3263453653826,1528.2484130859375
2022-08-04 00:00:00+05:30,1570.3383956639136,1586.511620502191,1557.9240186294182,1582.6043701171875,7402209,0.0,0.0,0.021582250258632252,3.1051296739483245,1484.3753845214844,1577.959565933473,1390.7912031094959,1507.9452415606688,1490.9559813307817,1499.4506114457254,1483.7145367227986,1459.4503173828125
2022-08-05 00:00:00+05:30,1591.0125259047577,1608.125432987025,1584.978493687881,1599.17333984375,5361971,0.0,0.0,0.010469432562817627,3.13763861966853,1489.4301452636719,1595.643524152075,1383.2167663752687,1518.7521478030858,1501.762887573199,1510.2575176881423,1477.1809883459616,1417.3109130859375
2022-08-08 00:00:00+05:30,1599.519475656983,1604.4654233244446,1578.7464954536458,1601.8935546875,3763409,0.0,0.0,0.0017010131272046092,3.1429757841490105,1496.663592529297,1612.4965999318965,1380.8305851266973,1518.752167861309,1501.762887573199,1510.257527717254,1472.5559854098506,1362.16357421875
2022-08-10 00:00:00+05:30,1603.6741361112606,1603.6741361112606,1570.931984401527,1585.1268310546875,4423829,0.0,0.0,-0.010466815091270787,3.110078837779981,1504.767529296875,1621.5505941374558,1387.984464456294,1540.93471448824,1501.762887573199,1521.3488010307194,1472.5559854098506,1375.270263671875
2022-08-11 00:00:00+05:30,1612.3790257131727,1613.7144075045778,1598.5303715045932,1602.4376220703125,3462090,0.0,0.0,0.010920760835337662,3.144043264946421,1513.4476684570313,1632.176783372409,1394.7185535416536,1562.5980318580318,1504.5573748319753,1533.5777033450036,1464.4806596053913,1373.5391845703125
2022-08-12 00:00:00+05:30,1595.8595775764334,1596.551961973424,1572.9598149382648,1576.8670654296875,3562286,0.0,0.0,-0.015957286753907063,3.093872865000981,1521.620849609375,1633.9418206688988,1409.2998785498512,1562.771115373864,1504.5573748319753,1533.6642451029197,1460.124917981033,1362.361328125
2022-08-16 00:00:00+05:30,1591.606027870371,1591.606027870371,1573.899510308874,1579.191650390625,3004430,0.0,0.0,0.0014741794104908834,3.0984337886772417,1529.8360656738282,1633.3245715207022,1426.3475598269542,1562.771115373864,1504.5573748319753,1533.6642451029197,1460.124917981033,1353.161865234375
2022-08-17 00:00:00+05:30,1579.191636129446,1594.5735821984435,1567.8654638861867,1588.8857421875,4067324,0.0,0.0,0.006138641750339291,3.1174539636930776,1535.590673828125,1638.7698250944059,1432.4115225618443,1568.4837441167492,1504.5573748319753,1536.5205594743622,1460.124917981033,1350.6888427734375
2022-08-18 00:00:00+05:30,1576.867011867375,1580.9226648063006,1556.984326385773,1565.8375244140625,4635706,0.0,0.0,-0.01450590005402519,3.072232488072721,1540.4772644042969,1639.540570902846,1441.4139579057478,1585.3493669451755,1504.5573748319753,1544.9533708885754,1460.124917981033,1365.328857421875
2022-08-19 00:00:00+05:30,1568.1622305714052,1587.5503214610192,1567.9643202124305,1579.8345947265625,4739884,0.0,0.0,0.008939031089919558,3.099695269799064,1544.523046875,1643.069176628181,1445.9769171218193,1585.3493669451755,1504.5573748319753,1544.9533708885754,1457.9225749160612,1378.485107421875
2022-08-22 00:00:00+05:30,1568.8546650939652,1581.7141295619483,1556.9843902004422,1558.6165771484375,3950555,0.0,0.0,-0.013430531049864358,3.05806471623291,1546.6374389648438,1644.4776015770713,1448.7972763526163,1585.3493669451755,1504.5573748319753,1544.9533708885754,1454.0562857036798,1379.6226806640625
2022-08-23 00:00:00+05:30,1531.2653893551428,1537.6951212871895,1516.4275464350349,1525.7259521484375,5551574,0.0,0.0,-0.021102447825991244,2.9935320651101005,1548.4229248046875,1643.2913071436128,1453.554542465762,1565.0709769698065,1504.5573748319753,1534.8141759008909,1454.0562857036798,1383.530029296875
2022-08-24 00:00:00+05:30,1518.4059324186994,1529.2870172764228,1514.449174288618,1520.87890625,2888426,0.0,0.0,-0.0031768784502959058,2.9840219776021826,1550.0995971679688,1641.6844131982198,1458.5147811377178,1564.0817908965978,1521.5466350618622,1542.81421297923,1454.0562857036798,1398.169921875
2022-08-25 00:00:00+05:30,1531.265443484337,1531.9578278781476,1497.3857009524645,1501.7381591796875,4331088,0.0,0.0,-0.01258531957518394,2.9464671073946866,1553.4133850097655,1631.8936295557032,1474.9331404638278,1546.9688314629443,1521.5466350618622,1534.2577332624032,1452.7837971754866,1378.6829833984375
2022-08-26 00:00:00+05:30,1518.5543944484978,1528.248379796301,1501.0456665870347,1505.1014404296875,3079136,0.0,0.0,0.002239592321365169,2.953065992503563,1555.9110900878907,1624.1273301613855,1487.6948500143958,1545.979641575454,1521.5466350618622,1533.763138318658,1452.7837971754866,1413.9476318359375
2022-08-29 00:00:00+05:30,1452.6744134553137,1452.6744134553137,1434.324898351986,1445.9478759765625,8079050,0.0,0.0,-0.03930204494139433,2.8370044601512845,1553.158673095703,1633.5200178090618,1472.7973283823444,1514.4492402752148,1521.5466350618622,1517.9979376685385,1445.280179035189,1439.419189453125
2022-08-30 00:00:00+05:30,1457.1751577063856,1479.9265182268527,1450.1519357828126,1476.810546875,6725875,0.0,0.0,0.021344248579910685,2.8975581885710686,1550.3518493652343,1637.0816649004507,1463.622033830018,1510.9376099065025,1521.5466350618622,1516.2421224841823,1445.280179035189,1435.5118408203125
2022-09-01 00:00:00+05:30,1444.2662977252282,1452.2292014111645,1435.363591485836,1448.371337890625,8140604,0.0,0.0,-0.01925718166392687,2.8417593841519566,1546.0562927246094,1643.5140314743312,1448.5985539748876,1510.9376099065025,1521.5466350618622,1516.2421224841823,1445.280179035189,1446.838134765625
2022-09-02 00:00:00+05:30,1462.0222203254043,1462.0222203254043,1432.346532497419,1437.29248046875,5175653,0.0,0.0,-0.007649183004415194,2.820022246568064,1541.5752685546875,1649.901310559152,1433.2492265502228,1507.0303310296836,1521.5466350618622,1514.2884830457729,1445.280179035189,1408.408203125
2022-09-05 00:00:00+05:30,1435.3141064592091,1451.141140024576,1430.7143506791376,1445.5028076171875,3669352,0.0,0.0,0.00571235657321445,2.836131219184858,1536.3919189453125,1652.4971168307163,1420.2867210599086,1484.2047359831636,1521.5466551200855,1502.8756955516246,1445.280179035189,1413.255126953125
2022-09-06 00:00:00+05:30,1445.502798896552,1454.108700045528,1429.824047264903,1439.3697509765625,3428442,0.0,0.0,-0.00424285349589526,2.824097929926722,1529.2301879882812,1650.657062599688,1407.8033133768743,1480.8909375715252,1521.7692273847404,1501.3300824781327,1445.280179035189,1404.55029296875
2022-09-07 00:00:00+05:30,1424.4329917195855,1449.904623342349,1422.504120343571,1441.8922119140625,3600574,0.0,0.0,0.0017524759956839553,2.8290470937583794,1521.3661315917968,1644.0346683209682,1398.6975948626255,1477.2309741108593,1518.1092639240744,1497.6701190174667,1445.280179035189,1458.312744140625
2022-09-08 00:00:00+05:30,1459.05465150411,1465.088683878838,1447.7778659796363,1459.9449462890625,4061475,0.0,0.0,0.012520169140129767,2.8644672418776267,1514.268701171875,1633.8325382875153,1394.7048640562346,1475.3762500699358,1518.1092639240744,1496.742756997005,1445.6263496654742,1473.8428955078125
2022-09-09 00:00:00+05:30,1471.9141136665046,1503.5681806270743,1464.000596926362,1495.3084716796875,4816910,0.0,0.0,0.02422250611607879,2.933851817163315,1509.777783203125,1624.9796572157643,1394.5759091904856,1463.0361504853227,1518.1092639240744,1490.5727072046984,1449.7314836426303,1487.4443359375
2022-09-12 00:00:00+05:30,1509.3055423227058,1529.188229163427,1504.7057865254303,1519.593017578125,5494819,0.0,0.0,0.016240492419038244,2.9814990153585375,1505.6355529785155,1612.806440879994,1398.4646650770371,1475.8461747534989,1518.1092639240744,1496.9777193387868,1449.7314836426303,1469.3916015625
2022-09-13 00:00:00+05:30,1535.1233532062615,1536.211437608198,1524.6379676727877,1528.2484130859375,4947158,0.0,0.0,0.005695864226598735,2.9984812289417575,1503.2046203613281,1605.8652051068175,1400.5440356158388,1479.3577789758845,1518.1092639240744,1498.7335214499794,1452.699101913234,1484.6746826171875
2022-09-14 00:00:00+05:30,1480.816787968901,1482.745659332316,1456.0870486908634,1459.4503173828125,14332197,0.0,0.0,-0.04501761304904839,2.8634967612424225,1497.2175537109374,1595.2679374375875,1399.1671699842873,1479.3577789758845,1518.1092639240744,1498.7335214499794,1469.4410804776319,1484.2789306640625
2022-09-15 00:00:00+05:30,1459.0546660796022,1459.252455700153,1413.6014520704807,1417.3109130859375,12784100,0.0,0.0,-0.028873476400650855,2.780817655083349,1488.6388122558594,1583.0223935216266,1394.2552309900923,1474.9064448393392,1513.6579297875292,1494.2821873134342,1480.247986720049,1501.44140625
2022-09-16 00:00:00+05:30,1409.5951667941104,1409.5951667941104,1353.557552328966,1362.16357421875,20464045,0.0,0.0,-0.03890983859505759,2.6726164889617694,1478.4551147460938,1581.0130572731337,1375.897172219054,1444.884494968582,1483.635979916772,1464.260237442677,1480.247986720049,1509.800048828125
2022-09-19 00:00:00+05:30,1376.9518375870484,1390.8004911259986,1365.6750526980536,1375.270263671875,6595241,0.0,0.0,0.009621964425705842,2.6983323097421144,1468.2268981933594,1569.0721079593402,1367.3816884273785,1444.884494968582,1483.635979916772,1464.260237442677,1480.247986720049,1523.949951171875
2022-09-20 00:00:00+05:30,1392.7293650527995,1398.2689230793696,1370.1264082056568,1373.5391845703125,7219797,0.0,0.0,-0.0012587192112629708,2.69493586702547,1458.9730285644532,1558.8945253330035,1359.051531795903,1444.884494968582,1475.0547571511952,1459.9696260598885,1483.0424739788255,1513.25
2022-09-21 00:00:00+05:30,1364.9827046218638,1373.7865158987468,1353.6070246266288,1362.361328125,7917054,0.0,0.0,-0.00813799604036003,2.6730044896105927,1450.8047973632813,1554.2492627211734,1347.3603320053892,1444.884494968582,1474.065567263705,1459.4750311161433,1483.0424739788255,1537.6500244140625
2022-09-22 00:00:00+05:30,1351.5791860242605,1368.9888988368857,1345.2978562134008,1353.161865234375,9168498,0.0,0.0,-0.0067525866308068005,2.6549547952299615,1442.4189453125,1548.9612555208607,1335.8766351041393,1440.7546469107992,1469.9357192059222,1455.3451830583608,1483.0424739788255,1573.0
2022-09-23 00:00:00+05:30,1352.7167296812754,1379.7216530969392,1347.2761870756103,1350.6888427734375,10426200,0.0,0.0,-0.0018275880546700929,2.65010263156051,1434.8664794921874,1544.913989962291,1324.8189690220838,1440.7546469107992,1466.42408883721,1453.5893678740047,1483.0424739788255,1553.300048828125
2022-09-26 00:00:00+05:30,1345.2977693126245,1384.3212482177828,1340.351821631328,1365.328857421875,9414587,0.0,0.0,0.010838924691475516,2.6788268944086755,1427.8778503417968,1536.9340052148061,1318.8216954687875,1411.548740481822,1463.9510715461736,1437.7499060139978,1483.0424739788255,1530.75
2022-09-27 00:00:00+05:30,1378.3860918690827,1391.2950634383683,1363.1031620462647,1378.485107421875,8561254,0.0,0.0,0.009635956882096952,2.7046399548577993,1424.5047119140625,1535.294984432878,1313.714439395247,1399.8021386657406,1461.0329755966382,1430.4175571311894,1483.0424739788255,1514.0
2022-09-28 00:00:00+05:30,1364.0924523136296,1390.6521688049877,1362.1140731224568,1379.6226806640625,7022098,0.0,0.0,0.0008252343359116399,2.7068719166148263,1419.6453186035155,1529.3408754787238,1309.9497617283073,1374.9734942127193,1439.0234714592589,1406.998482835989,1483.0424739788255,1507.449951171875
2022-09-29 00:00:00+05:30,1389.7124641677628,1394.6089042852334,1377.9410840234564,1383.530029296875,6119965,0.0,0.0,0.0028321864286340315,2.7145382825211133,1416.403253173828,1526.3463566611808,1306.4601496864752,1369.3103723553488,1438.281629619763,1403.796000987556,1483.0424739788255,1511.199951171875
2022-09-30 00:00:00+05:30,1373.9347778873853,1403.9567773460542,1361.1248215084886,1398.169921875,8120130,0.0,0.0,0.010581550286671515,2.7432623058627055,1414.4471252441406,1524.2241907601021,1304.670059728179,1372.154299488691,1438.281629619763,1405.217964554227,1483.0424739788255,1501.949951171875
2022-10-03 00:00:00+05:30,1396.735693315583,1396.735693315583,1371.0167641185535,1378.6829833984375,4943169,0.0,0.0,-0.01393746079906355,2.7050281950131954,1411.106134033203,1520.967314492974,1301.244953573432,1372.154299488691,1438.281629619763,1405.217964554227,1483.0424739788255,1570.0999755859375
2022-10-04 00:00:00+05:30,1404.3524203100048,1416.7667980327328,1398.7140879164142,1413.9476318359375,6631341,0.0,0.0,0.02557850416821217,2.774218769974472,1409.835028076172,1518.9361850325306,1300.7338711198133,1378.5593098320305,1438.281629619763,1408.4204697258967,1483.0424739788255,1585.300048828125
2022-10-06 00:00:00+05:30,1429.3788914289387,1444.0189449839834,1428.488596688986,1439.419189453125,6180672,0.0,0.0,0.018014498587980876,2.824194930088927,1409.711376953125,1518.6709050850475,1300.7518488212024,1392.1853833076557,1438.281629619763,1415.2335064637093,1483.0424739788255,1594.0
2022-10-07 00:00:00+05:30,1430.7142956056227,1442.089975542838,1424.5813686353956,1435.5118408203125,3994466,0.0,0.0,-0.0027145314314567237,2.81652856418264,1408.4897216796876,1515.6835958106237,1301.2958475487515,1392.1853833076557,1438.281629619763,1415.2335064637093,1483.0424739788255,1602.800048828125
2022-10-10 00:00:00+05:30,1410.9305054204403,1449.1627060825842,1410.9305054204403,1446.838134765625,5274677,0.0,0.0,0.007890073507746287,2.838751181590708,1406.0662048339843,1507.2596507776218,1304.8727588903469,1405.1437637955364,1438.281629619763,1421.7126967076497,1483.0424739788255,1587.4000244140625
2022-10-11 00:00:00+05:30,1446.8381949988416,1463.6544182268374,1404.7481291484964,1408.408203125,12824774,0.0,0.0,-0.026561320659999277,2.7633502011825253,1400.5069641113282,1487.1693113825604,1313.844616840096,1412.389619867663,1438.281629619763,1425.335624743713,1490.387183034476,1593.4000244140625
2022-10-12 00:00:00+05:30,1421.4654488969925,1425.5211020888723,1398.2690011801228,1413.255126953125,5481467,0.0,0.0,0.003441419765498832,2.77286004918387,1394.7572998046876,1458.868422780904,1330.6461768284712,1412.389619867663,1438.281629619763,1425.335624743713,1504.5573748319753,1568.199951171875
2022-10-13 00:00:00+05:30,1415.5302730329154,1422.4050922361926,1399.7032399312195,1404.55029296875,4821514,0.0,0.0,-0.006159421479079996,2.755780835438444,1392.0122985839844,1449.0469886108153,1334.9776085571534,1412.389619867663,1438.281629619763,1425.335624743713,1504.5573748319753,1585.050048828125
2022-10-14 00:00:00+05:30,1468.9465321681046,1477.8492384236688,1451.388417052964,1458.312744140625,14990688,0.0,0.0,0.0382773414672386,2.8612647994853933,1394.0623901367187,1457.2710068794697,1330.8537733939677,1424.4330012711112,1438.281629619763,1431.357315445437,1504.5573748319753,1583.1500244140625
2022-10-17 00:00:00+05:30,1460.9340445603214,1478.838350946732,1459.5491550648185,1473.8428955078125,4286396,0.0,0.0,0.010649397003205552,2.8917355442664103,1399.6463562011718,1470.0056344296545,1329.287077972689,1438.5536760634272,1438.281629619763,1438.417652841595,1504.5573748319753,1629.800048828125
2022-10-18 00:00:00+05:30,1493.6762786453662,1494.615960454175,1481.0641113919037,1487.4443359375,4692004,0.0,0.0,0.00922855514054044,2.9184220851885336,1405.255059814453,1484.3856804589584,1326.1244391699477,1446.4424808171489,1438.281629619763,1442.362055218456,1504.5573748319753,1635.6500244140625
2022-10-19 00:00:00+05:30,1487.7411164250627,1488.6807982182772,1465.286561438866,1469.3916015625,3553171,0.0,0.0,-0.012136746188637582,2.883001937069286,1410.0476806640625,1492.4921850963206,1327.6031762318044,1446.4424808171489,1438.281629619763,1442.362055218456,1504.5573748319753,1623.4000244140625
2022-10-20 00:00:00+05:30,1459.0546480371113,1487.7411462019086,1458.2632480633265,1484.6746826171875,4583939,0.0,0.0,0.01040095849087197,2.912987920545847,1416.163348388672,1501.6742129245495,1330.6524838527944,1446.4424808171489,1417.4838910427516,1431.9631859299502,1504.5573748319753,1629.050048828125
2022-10-21 00:00:00+05:30,1484.0811410528825,1489.719473228976,1475.2278220650255,1484.2789306640625,3594485,0.0,0.0,-0.00026655802631947445,2.912211440235054,1422.7192016601562,1508.0062835895872,1337.4321197307252,1446.4424808171489,1417.4838910427516,1431.9631859299502,1504.5573748319753,1634.949951171875
2022-10-24 00:00:00+05:30,1502.084403638441,1505.3487776101051,1494.6654816580076,1501.44140625,982837,0.0,0.0,0.01156283716717521,2.9458848669148767,1430.2568298339843,1515.3926413502704,1345.1210183176981,1451.808889395114,1422.8502996207167,1437.3295945079153,1504.5573748319753,1657.0999755859375
2022-10-25 00:00:00+05:30,1511.5805175563537,1516.3286756663167,1504.6068037237735,1509.800048828125,3914341,0.0,0.0,0.0055670787706605385,2.9622848400182886,1437.4803894042968,1523.8749591194933,1351.0858196891004,1458.015957798768,1428.3402486488224,1443.1781032237952,1483.635979916772,1637.9000244140625
2022-10-27 00:00:00+05:30,1530.800048828125,1534.9000244140625,1512.5,1523.949951171875,6760137,16.5,0.0,0.009372037280521273,2.990047483974463,1444.7536315917969,1534.5209067510818,1354.986356432512,1493.1442207335133,1437.6259230226951,1465.385071878104,1483.635979916772,1639.75
2022-10-28 00:00:00+05:30,1526.0,1527.949951171875,1507.0,1513.25,3053981,0.0,0.0,-0.007021195915027922,2.969053774794242,1451.4349975585938,1540.7018630206119,1362.1681320965756,1496.5816362386945,1437.6259230226951,1467.1037796306948,1483.635979916772,1612.9000244140625
2022-10-31 00:00:00+05:30,1530.25,1546.4000244140625,1530.25,1537.6500244140625,4542336,0.0,0.0,0.016124252049603438,3.016927546207851,1459.1409973144532,1550.2399052115175,1368.042089417389,1502.3316362386945,1443.3759230226951,1472.8537796306948,1483.635979916772,1605.5
2022-11-01 00:00:00+05:30,1553.050048828125,1575.0,1547.0999755859375,1573.0,4542692,0.0,0.0,0.02298961078572348,3.086285536263897,1467.882501220703,1567.1776882880597,1368.5873141533464,1516.6316240316633,1457.6759108156639,1487.1537674236636,1479.5061318589892,1620.1500244140625
2022-11-02 00:00:00+05:30,1572.0,1572.75,1545.0,1553.300048828125,2938906,0.0,0.0,-0.012523808755165344,3.047633486443895,1476.6133544921875,1573.6584974681164,1379.5682115162585,1516.6316240316633,1457.6759108156639,1487.1537674236636,1479.5061318589892,1569.300048828125
2022-11-03 00:00:00+05:30,1538.75,1543.9000244140625,1521.6500244140625,1530.75,3174027,0.0,0.0,-0.01451750989458711,3.003389437149371,1482.4534729003906,1577.7341836704386,1387.1727621303426,1525.1139110325128,1468.0624107542444,1496.5881608933787,1477.033114567953,1547.199951171875
2022-11-04 00:00:00+05:30,1520.449951171875,1520.449951171875,1501.1500244140625,1514.0,4509682,0.0,0.0,-0.010942348521966405,2.97052530318089,1486.1825134277344,1580.251386301231,1392.113640554238,1534.8327408290038,1468.0624107542444,1501.447575791624,1477.033114567953,1572.1500244140625
2022-11-07 00:00:00+05:30,1521.4000244140625,1527.9000244140625,1491.0999755859375,1507.449951171875,4898592,0.0,0.0,-0.004326320229937286,2.957673859468198,1489.7794189453125,1581.2614475396122,1398.2973903510128,1533.0499877929688,1468.0624107542444,1500.5561992736066,1477.033114567953,1579.4000244140625
2022-11-09 00:00:00+05:30,1529.0,1529.0,1501.0999755859375,1511.199951171875,3334755,0.0,0.0,0.002487644778577769,2.96503150140144,1492.997509765625,1582.7027382848926,1403.2922812463573,1533.0499877929688,1468.0624107542444,1500.5561992736066,1477.033114567953,1540.5
2022-11-10 00:00:00+05:30,1485.0,1512.0,1485.0,1501.949951171875,3435763,0.0,0.0,-0.006120963670510293,2.9468826512994433,1497.6745971679688,1578.4708696304924,1416.8783247054453,1530.0,1473.0083820592768,1501.5041910296384,1477.033114567953,1522.199951171875
2022-11-11 00:00:00+05:30,1546.6500244140625,1573.5,1546.6500244140625,1570.0999755859375,7214098,0.0,0.0,0.04537436441266873,3.0805955786008754,1505.5168395996093,1582.321659283319,1428.7120199158996,1530.0,1486.6345005900614,1508.3172502950306,1477.033114567953,1507.3499755859375
2022-11-14 00:00:00+05:30,1575.1500244140625,1591.4000244140625,1568.449951171875,1585.300048828125,4908813,0.0,0.0,0.009680958842455345,3.1104186976075603,1514.5543273925782,1583.7969383743591,1445.3117164107973,1538.2000122070312,1494.8345127970927,1516.5172625020618,1477.033114567953,1507.300048828125
2022-11-15 00:00:00+05:30,1577.8499755859375,1597.8499755859375,1572.75,1594.0,3497614,0.0,0.0,0.00548788929786892,3.1274883310900523,1521.338690185547,1593.7611089255013,1448.9162714455927,1541.4249877929688,1498.0594883830302,1519.7422380879993,1477.033114567953,1509.550048828125
2022-11-16 00:00:00+05:30,1597.1500244140625,1609.0,1593.5,1602.800048828125,4497697,0.0,0.0,0.005520733267330602,3.1447543599626893,1527.7865478515625,1605.0037566045487,1450.5693390985764,1547.0,1503.6345005900614,1525.3172502950306,1477.033114567953,1522.050048828125
2022-11-17 00:00:00+05:30,1597.199951171875,1602.800048828125,1582.949951171875,1587.4000244140625,3469515,0.0,0.0,-0.009608200614494633,3.114538929188861,1532.7843322753906,1611.847371631966,1453.7212929188152,1547.0,1503.6345005900614,1525.3172502950306,1477.033114567953,1497.0999755859375
2022-11-18 00:00:00+05:30,1591.699951171875,1598.0,1575.5,1593.4000244140625,3126064,0.0,0.0,0.0037797655963969223,3.126311156282048,1538.9847534179687,1616.6112345280794,1461.358272307858,1547.0,1503.6345005900614,1525.3172502950306,1477.033114567953,1502.4000244140625
2022-11-21 00:00:00+05:30,1582.0999755859375,1587.8499755859375,1564.050048828125,1568.199951171875,3071764,0.0,0.0,-0.01581528357981188,3.076867658786718,1543.1610168457032,1617.535351552959,1468.7866821384475,1547.0,1504.3516199656096,1525.6758099828048,1477.033114567953,1514.8499755859375
2022-11-22 00:00:00+05:30,1569.0,1588.0,1562.0,1585.050048828125,3399329,0.0,0.0,0.010744865566191475,3.1099281881453438,1548.1995727539063,1619.4922842052367,1476.9068613025759,1547.0,1530.194208526482,1538.597104263241,1477.033114567953,1510.1500244140625
2022-11-23 00:00:00+05:30,1588.9000244140625,1592.0,1579.300048828125,1583.1500244140625,3245067,0.0,0.0,-0.0011987157222368428,3.1062002683311865,1552.2850036621094,1621.711843174969,1482.8581641492497,1577.8250122070312,1533.6316240316633,1555.7283181193473,1477.033114567953,1517.550048828125
2022-11-24 00:00:00+05:30,1589.0,1636.0,1584.75,1629.800048828125,5282215,0.0,0.0,0.02946658478013031,3.1977293818820307,1558.2850036621094,1632.6115499761472,1483.9584573480715,1599.0,1547.1316240316633,1573.0658120158316,1477.033114567953,1508.199951171875
2022-11-25 00:00:00+05:30,1631.4000244140625,1644.0,1613.800048828125,1635.6500244140625,4563255,0.0,0.0,0.0035893823847557016,3.209207255396574,1563.8700073242187,1643.6830028127254,1484.057011835712,1603.0,1551.1316240316633,1577.0658120158316,1477.033114567953,1524.0
2022-11-28 00:00:00+05:30,1628.0,1653.5,1620.0,1623.4000244140625,3825766,0.0,0.0,-0.007489377199983993,3.1851722917479837,1569.377508544922,1649.6638219094373,1489.0911951804067,1607.75,1555.8816240316633,1581.8158120158316,1477.033114567953,1522.550048828125
2022-11-29 00:00:00+05:30,1621.199951171875,1638.75,1615.050048828125,1629.050048828125,3131710,0.0,0.0,0.003480364869467012,3.196257853495383,1573.947509765625,1656.8804103538907,1491.0146091773593,1607.75,1564.3639110325128,1586.0569555162565,1477.033114567953,1494.800048828125
2022-11-30 00:00:00+05:30,1619.949951171875,1645.75,1613.1500244140625,1634.949951171875,11868134,0.0,0.0,0.003621682678192739,3.2078336851984246,1577.0450073242187,1664.1730374430836,1489.9169772053538,1607.75,1569.25,1588.5,1477.033114567953,1475.199951171875
2022-12-01 00:00:00+05:30,1656.199951171875,1672.5999755859375,1652.300048828125,1657.0999755859375,5407928,0.0,0.0,0.01354783025510109,3.251292871452088,1582.2350036621094,1675.3164855210312,1489.1535218031877,1617.2999877929688,1578.7999877929688,1598.0499877929688,1477.033114567953,1448.5
2022-12-02 00:00:00+05:30,1656.0,1661.800048828125,1633.949951171875,1637.9000244140625,4283343,0.0,0.0,-0.011586477252276906,3.2136218405565184,1587.5925048828126,1680.5368566964646,1494.6481530691606,1617.2999877929688,1578.7999877929688,1598.0499877929688,1477.033114567953,1484.449951171875
2022-12-05 00:00:00+05:30,1638.0,1644.8499755859375,1623.300048828125,1639.75,3824966,0.0,0.0,0.0011294801626242634,3.217251562675603,1593.8800048828125,1682.9518785409773,1504.8081312246477,1625.9500122070312,1578.7999877929688,1602.375,1477.033114567953,1469.75
2022-12-06 00:00:00+05:30,1625.0,1626.0,1607.550048828125,1612.9000244140625,4822398,0.0,0.0,-0.01637443243539416,3.164570894334905,1599.1525085449218,1679.0533341552646,1519.251682934579,1628.6749877929688,1578.7999877929688,1603.7374877929688,1468.451891802376,1471.25
2022-12-07 00:00:00+05:30,1608.0,1623.800048828125,1596.699951171875,1605.5,4898087,0.0,0.0,-0.0045880242433196106,3.150051766351993,1603.8675109863282,1672.7029837776345,1535.0320381950219,1634.6499633789062,1578.7999877929688,1606.7249755859375,1467.4627019148857,1480.5999755859375
2022-12-08 00:00:00+05:30,1605.5,1623.9000244140625,1598.5,1620.1500244140625,4206837,0.0,0.0,0.009124898420468597,3.1787956687391725,1609.7775146484375,1660.2800344081104,1559.2749948887647,1634.6499633789062,1578.7999877929688,1606.7249755859375,1467.4627019148857,1503.6500244140625
2022-12-09 00:00:00+05:30,1628.0,1628.0,1561.0999755859375,1569.300048828125,8880658,0.0,0.0,-0.031385967237403056,3.079026092025726,1609.7375183105469,1660.3681616483377,1559.106874972756,1616.8499755859375,1578.7999877929688,1597.8249816894531,1463.9510715461736,1525.5
2022-12-12 00:00:00+05:30,1550.0,1565.949951171875,1530.050048828125,1547.199951171875,8037679,0.0,0.0,-0.01408277382821288,3.0356648639605615,1607.8325134277343,1664.5669281938876,1551.098098661581,1601.3250122070312,1578.7999877929688,1590.0625,1463.9510715461736,1539.5
2022-12-13 00:00:00+05:30,1547.199951171875,1577.5,1541.1500244140625,1572.1500244140625,6135067,0.0,0.0,0.01612595270785122,3.084617851993675,1606.7400146484374,1665.3294032218828,1548.150626074992,1601.3250122070312,1578.7999877929688,1590.0625,1461.0329755966382,1545.4000244140625
2022-12-14 00:00:00+05:30,1582.0,1588.5,1573.0,1579.4000244140625,4976020,0.0,0.0,0.004611519185455659,3.0988426263979427,1605.5700134277345,1665.3627708033696,1545.7772560520993,1595.925048828125,1578.7999877929688,1587.3625183105469,1457.6759108156639,1538.9000244140625
2022-12-15 00:00:00+05:30,1569.300048828125,1570.0,1535.25,1540.5,6443866,0.0,0.0,-0.024629621256650247,3.022519306175798,1603.2250122070313,1669.1209616651904,1537.3290627488723,1587.4500122070312,1578.7999877929688,1583.125,1457.6759108156639,1525.550048828125
2022-12-16 00:00:00+05:30,1525.0,1549.5,1512.050048828125,1522.199951171875,9630453,0.0,0.0,-0.011879291676809456,2.986613917738948,1599.6650085449219,1674.4907753762764,1524.8392417135674,1570.0250244140625,1592.3250122070312,1581.1750183105469,1457.6759108156639,1548.0
2022-12-19 00:00:00+05:30,1507.949951171875,1516.9000244140625,1495.050048828125,1507.3499755859375,6222740,0.0,0.0,-0.009755601144583625,2.9574777035846247,1596.622509765625,1680.7911326656144,1512.4538868656355,1561.5250244140625,1583.8250122070312,1572.6750183105469,1457.6759108156639,1551.9000244140625
2022-12-20 00:00:00+05:30,1501.0,1516.0,1482.449951171875,1507.300048828125,7396259,0.0,0.0,-3.312220693341139e-05,2.9573797453961257,1592.735009765625,1685.5215185782338,1499.948500953016,1555.2249755859375,1577.5249633789062,1566.3749694824219,1465.8759230226951,1543.0
2022-12-21 00:00:00+05:30,1515.0,1521.0,1502.3499755859375,1509.550048828125,6236361,0.0,0.0,0.0014927353062512694,2.9617943305560708,1589.0550109863282,1688.729963849325,1489.3800581233313,1555.2249755859375,1577.5249633789062,1566.3749694824219,1469.1008986086326,1519.1500244140625
2022-12-22 00:00:00+05:30,1521.5,1529.949951171875,1511.75,1522.050048828125,6302640,0.0,0.0,0.008280613159996841,2.9863198036668774,1583.6675109863281,1685.5979829106757,1481.7370390619806,1535.4749755859375,1577.5249633789062,1556.4999694824219,1474.6759108156639,1538.800048828125
2022-12-23 00:00:00+05:30,1508.699951171875,1509.9000244140625,1493.0,1497.0999755859375,6283822,0.0,0.0,-0.016392413154480256,2.9373668156337636,1576.740008544922,1682.4026850120672,1471.0773320777766,1535.4749755859375,1577.5249633789062,1556.4999694824219,1474.6759108156639,1533.75
2022-12-26 00:00:00+05:30,1500.5,1509.9000244140625,1496.3499755859375,1502.4000244140625,4115459,0.0,0.0,0.003540210349713302,2.9477657120353746,1570.690008544922,1678.827776128392,1462.5522409614518,1535.4749755859375,1577.5249633789062,1556.4999694824219,1474.6759108156639,1551.0999755859375
2022-12-27 00:00:00+05:30,1509.949951171875,1521.449951171875,1497.5,1514.8499755859375,4860076,0.0,0.0,0.008286708579315016,2.9721929874511086,1564.9800048828124,1672.2355193821224,1457.7244903835024,1526.2249755859375,1577.5249633789062,1551.8749694824219,1474.6759108156639,1583.75
2022-12-28 00:00:00+05:30,1505.0999755859375,1524.949951171875,1498.5,1510.1500244140625,5029860,0.0,0.0,-0.003102585237892641,2.9629715053640746,1558.740008544922,1663.4503702851202,1454.0296468047236,1515.9749755859375,1577.5249633789062,1546.7499694824219,1474.6759108156639,1599.4000244140625
2022-12-29 00:00:00+05:30,1504.0,1521.300048828125,1501.0,1517.550048828125,4624745,0.0,0.0,0.004900191566684642,2.9774906333469864,1551.7625122070312,1647.440640756396,1456.0843836576664,1506.199951171875,1577.5249633789062,1541.8624572753906,1474.6759108156639,1569.8499755859375
2022-12-30 00:00:00+05:30,1528.0,1530.4000244140625,1504.050048828125,1508.199951171875,5060544,0.0,0.0,-0.006161310899413408,2.959145387854844,1545.2775085449218,1633.9778836288688,1456.577133460975,1506.4249877929688,1577.5249633789062,1541.9749755859375,1488.1759108156639,1562.4000244140625
2023-01-02 00:00:00+05:30,1514.0,1526.5,1504.050048828125,1524.0,3801140,0.0,0.0,0.010476096896733234,2.990145681669533,1539.490008544922,1617.074126799303,1461.9058902905408,1511.7000122070312,1577.5249633789062,1544.6124877929688,1492.1759108156639,1590.5
2023-01-03 00:00:00+05:30,1519.8499755859375,1532.6500244140625,1515.0999755859375,1522.550048828125,4551130,0.0,0.0,-0.0009514115301016979,2.9873008225913087,1534.972509765625,1605.0095435036897,1464.9354760275605,1512.8250122070312,1577.5249633789062,1545.1749877929688,1496.9259108156639,1617.0
2023-01-04 00:00:00+05:30,1521.0,1521.0,1491.0999755859375,1494.800048828125,7059590,0.0,0.0,-0.018226001845626394,2.932854272285318,1529.4375122070312,1593.4834521154903,1465.391572298572,1511.875,1577.5249633789062,1544.6999816894531,1496.9259108156639,1608.550048828125
2023-01-05 00:00:00+05:30,1505.9000244140625,1505.9000244140625,1469.25,1475.199951171875,9868404,0.0,0.0,-0.013112186925345548,2.894398138842315,1522.190008544922,1575.2983116931414,1469.0817053967025,1500.9500122070312,1570.9249877929688,1535.9375,1496.9259108156639,1567.449951171875
2023-01-06 00:00:00+05:30,1470.0,1475.0,1446.5,1448.5,6443714,0.0,0.0,-0.018099208280657142,2.842011824080261,1516.1500061035156,1573.7882765790584,1458.5117356279727,1489.5750122070312,1554.1500244140625,1521.8625183105469,1506.4758986086326,1593.25
2023-01-09 00:00:00+05:30,1448.199951171875,1489.3499755859375,1448.199951171875,1484.449951171875,11498717,0.0,0.0,0.02481874433681397,2.9125469889443116,1513.0125061035155,1570.3763600184534,1455.6486521885777,1489.5750122070312,1545.6749877929688,1517.625,1506.4758986086326,1597.050048828125
2023-01-10 00:00:00+05:30,1482.0,1483.9000244140625,1454.050048828125,1469.75,7158624,0.0,0.0,-0.009902624982587205,2.8837051283686326,1507.8925048828125,1561.333375301687,1454.451634463938,1489.5750122070312,1537.25,1513.4125061035156,1506.4758986086326,1601.800048828125
2023-01-11 00:00:00+05:30,1470.0,1494.0,1464.0,1471.25,6173092,0.0,0.0,0.0010205817315869226,2.886648185141929,1502.4850036621094,1546.9293027505284,1458.0407045736904,1489.5750122070312,1537.25,1513.4125061035156,1506.4758986086326,1583.800048828125
2023-01-12 00:00:00+05:30,1481.949951171875,1485.0,1455.0,1480.5999755859375,6591385,0.0,0.0,0.006355123592820755,2.9049931911274975,1499.4900024414062,1541.2472804055374,1457.732724477275,1489.5750122070312,1537.25,1513.4125061035156,1506.4758986086326,1592.449951171875
2023-01-13 00:00:00+05:30,1483.5,1519.4000244140625,1468.0,1503.6500244140625,11610426,0.0,0.0,0.015568046203028763,2.9502182593464545,1498.5625061035157,1539.0521725023627,1458.0728397046687,1489.5750122070312,1537.25,1513.4125061035156,1506.4758986086326,1579.5
2023-01-16 00:00:00+05:30,1510.0,1528.0,1502.300048828125,1525.5,6073063,0.0,0.0,0.014531290680124709,2.9930887384428293,1499.4700073242188,1541.5078980168864,1457.4321166315513,1487.25,1517.5,1502.375,1506.4758986086326,1561.800048828125
2023-01-17 00:00:00+05:30,1527.0,1542.199951171875,1524.0,1539.5,5922644,0.0,0.0,0.009177318911832266,3.020557268326933,1501.0800048828125,1546.5585130970173,1455.6014966686078,1494.3499755859375,1517.5,1505.9249877929688,1516.8623985472132,1550.699951171875
2023-01-18 00:00:00+05:30,1544.75,1551.8499755859375,1539.5999755859375,1545.4000244140625,5843098,0.0,0.0,0.003832428979579472,3.032133339536548,1502.8725036621095,1552.2481042112522,1453.4969031129667,1499.1749877929688,1517.5,1508.3374938964844,1516.8623985472132,1550.6500244140625
2023-01-19 00:00:00+05:30,1539.9000244140625,1549.550048828125,1526.1500244140625,1538.9000244140625,6165284,0.0,0.0,-0.004206030734640653,3.019380093518929,1503.7150024414063,1554.9317681598586,1452.498236722954,1500.0249633789062,1508.25,1504.1374816894531,1516.8623985472132,1509.300048828125
2023-01-20 00:00:00+05:30,1538.0,1545.0,1524.0,1525.550048828125,6496429,0.0,0.0,-0.008675011614884154,2.9931869361379024,1505.1375061035155,1557.1233177717409,1453.1516944352902,1502.9500122070312,1499.1749877929688,1501.0625,1516.8623985472132,1487.550048828125
2023-01-23 00:00:00+05:30,1535.0,1553.300048828125,1528.0999755859375,1548.0,4855020,0.0,0.0,0.014715971586196197,3.0372345900422815,1507.4175048828124,1562.6574306303423,1452.1775791352825,1504.1500244140625,1499.9000244140625,1502.0250244140625,1521.8083698522455,1496.050048828125
2023-01-24 00:00:00+05:30,1560.0,1568.800048828125,1549.75,1551.9000244140625,5200802,0.0,0.0,0.0025193956163194198,3.044886585554168,1509.2700073242188,1567.806098707158,1450.7339159412795,1511.9000244140625,1507.6500244140625,1509.7750244140625,1535.4344883830302,1472.1500244140625
2023-01-25 00:00:00+05:30,1547.0,1556.0,1538.75,1543.0,4158617,0.0,0.0,-0.0057349212410914285,3.0274244007979587,1510.9125061035156,1571.2899981103574,1450.5350140966739,1518.4000244140625,1507.6500244140625,1513.0250244140625,1535.4344883830302,1479.300048828125
2023-01-27 00:00:00+05:30,1546.0,1550.949951171875,1507.4000244140625,1519.1500244140625,6209955,0.0,0.0,-0.015456886316226548,2.9806298460038545,1510.9925048828125,1571.409619323713,1450.5753904419118,1535.550048828125,1507.6500244140625,1521.6000366210938,1535.4344883830302,1507.449951171875
2023-01-30 00:00:00+05:30,1528.800048828125,1544.0,1520.0,1538.800048828125,6964719,0.0,0.0,0.01293488075454663,3.019183937635357,1512.522509765625,1574.1303804966078,1450.9146390346423,1538.1000366210938,1507.6500244140625,1522.8750305175781,1535.4344883830302,1492.699951171875
2023-01-31 00:00:00+05:30,1548.9000244140625,1548.9000244140625,1513.0,1533.75,9448126,0.0,0.0,-0.0032818096360023308,3.009275550695962,1513.010009765625,1575.1311944077797,1450.8888251234703,1538.1000366210938,1507.6500244140625,1522.8750305175781,1535.4344883830302,
2023-02-01 00:00:00+05:30,1542.199951171875,1555.050048828125,1528.050048828125,1551.0999755859375,6194199,0.0,0.0,0.011312127521393656,3.043316859472447,1514.4375061035157,1578.6694710074833,1450.2055411995482,1538.1000366210938,1507.6500244140625,1522.8750305175781,1535.4344883830302,
2023-02-02 00:00:00+05:30,1552.0,1586.949951171875,1552.0,1583.75,6916834,0.0,0.0,0.02104959379019311,3.107377443139188,1518.8850036621093,1589.164097414776,1448.6059099094425,1547.1749877929688,1516.7249755859375,1531.9499816894531,1536.1516077585784,
2023-02-03 00:00:00+05:30,1597.5,1604.6500244140625,1573.0,1599.4000244140625,7040194,0.0,0.0,0.009881625517955905,3.138083383375233,1525.0950073242188,1600.6468303356303,1449.5431843128074,1556.0250244140625,1525.5750122070312,1540.8000183105469,1561.9941963194508,
2023-02-06 00:00:00+05:30,1598.0,1598.0,1561.5999755859375,1569.8499755859375,4570612,0.0,0.0,-0.018475708626396137,3.0801050691386567,1531.1625061035156,1600.2855156630171,1462.0394965440141,1556.0250244140625,1525.5750122070312,1540.8000183105469,1565.431611824632,
2023-02-07 00:00:00+05:30,1569.0,1576.050048828125,1555.0999755859375,1562.4000244140625,4336238,0.0,0.0,-0.004745645308618984,3.0654879829672455,1535.060009765625,1601.938002853109,1468.1820166781408,1556.0250244140625,1525.5750122070312,1540.8000183105469,1565.431611824632,
2023-02-08 00:00:00+05:30,1565.5,1603.0,1565.5,1590.5,7983338,0.0,0.0,0.017985135142631448,3.120621198619024,1541.097509765625,1605.0059892457446,1477.1890302855056,1556.0250244140625,1525.5750122070312,1540.8000183105469,1565.431611824632,
2023-02-09 00:00:00+05:30,1596.199951171875,1619.75,1586.050048828125,1617.0,6904911,0.0,0.0,0.016661427224143432,3.1726152016139344,1548.385009765625,1612.008688444883,1484.761331086367,1566.375,1533.125,1549.75,1565.431611824632,
2023-02-10 00:00:00+05:30,1612.949951171875,1616.300048828125,1596.449951171875,1608.550048828125,4786762,0.0,0.0,-0.005225696457560325,3.1560360775936585,1554.7825134277343,1615.489494747538,1494.0755321079307,1566.375,1533.125,1549.75,1573.9138988254815,
2023-02-13 00:00:00+05:30,1597.0,1597.0,1566.0,1567.449951171875,4001199,0.0,0.0,-0.02555102198168635,3.0753961304000677,1557.972509765625,1614.0795597907716,1501.8654597404786,1573.9000244140625,1533.125,1553.5125122070312,1570.9249877929688,
2023-02-14 00:00:00+05:30,1584.699951171875,1596.0,1578.1500244140625,1593.25,5043736,0.0,0.0,0.016459886842853377,3.126016802703402,1561.360009765625,1617.3959046346108,1505.324114896639,1585.875,1533.9749755859375,1559.9249877929688,1559.5499877929688,
2023-02-15 00:00:00+05:30,1584.0,1599.0,1576.0,1597.050048828125,3465747,0.0,0.0,0.0023850926270987394,3.1334726423317165,1564.2375122070312,1621.3992587732732,1507.075765640789,1587.4249877929688,1536.9000244140625,1562.1625061035156,1559.5499877929688,
2023-02-16 00:00:00+05:30,1600.0,1614.449951171875,1597.8499755859375,1601.800048828125,4290289,0.0,0.0,0.002974233652530467,3.142792322113823,1567.0575134277344,1625.7843245258862,1508.3307023295827,1587.4249877929688,1537.375,1562.3999938964844,1559.5499877929688,
2023-02-17 00:00:00+05:30,1594.0,1595.0,1575.5,1583.800048828125,2857734,0.0,0.0,-0.01123735762972966,3.1074756408342616,1569.3025146484374,1626.963844894167,1511.6411844027077,1587.4249877929688,1537.375,1562.3999938964844,1559.5499877929688,
2023-02-20 00:00:00+05:30,1584.949951171875,1603.0,1582.5,1592.449951171875,2417716,0.0,0.0,0.005461486347440259,3.124447076621681,1572.647509765625,1627.427707403163,1517.8673121280872,1592.625,1543.875,1568.25,1559.5499877929688,
2023-02-21 00:00:00+05:30,1598.699951171875,1601.6500244140625,1576.0,1579.5,2723288,0.0,0.0,-0.008132093044648125,3.0990387822815144,1574.222509765625,1627.8648718547238,1520.5801476765264,1592.875,1561.0250244140625,1576.9500122070312,1559.5499877929688,
2023-02-22 00:00:00+05:30,1563.0,1575.0,1555.300048828125,1561.800048828125,3656244,0.0,0.0,-0.011206046959085114,3.0643108081592416,1574.717510986328,1627.6982988890345,1521.7367230836217,1585.800048828125,1563.5750122070312,1574.6875305175781,1559.5499877929688,
2023-02-23 00:00:00+05:30,1569.8499755859375,1569.8499755859375,1548.1500244140625,1550.699951171875,4766854,0.0,0.0,-0.007107246324251859,3.0425319964315864,1575.1025085449219,1627.2522296399243,1522.9527874499195,1581.2999877929688,1563.5750122070312,1572.4375,1559.5499877929688,
2023-02-24 00:00:00+05:30,1560.0,1569.0,1545.0,1550.6500244140625,2790986,0.0,0.0,-3.2196272254148006e-05,3.0424340382430874,1576.677508544922,1623.5546413632667,1529.8003757265772,1579.7249755859375,1563.5750122070312,1571.6499938964844,1559.5499877929688,
2023-02-27 00:00:00+05:30,1540.0,1540.0,1502.0,1509.300048828125,4920268,0.0,0.0,-0.02666622057518253,2.961303821093854,1575.2025085449218,1628.2729353031662,1522.1320817866774,1558.2249755859375,1560.875,1559.5499877929688,1559.5499877929688,
2023-02-28 00:00:00+05:30,1515.5999755859375,1524.0,1481.300048828125,1487.550048828125,9679811,0.0,0.0,-0.014410653479331348,2.9186294978810503,1572.892510986328,1636.1450228118483,1509.6399991608077,1547.875,1550.5250244140625,1549.2000122070312,1559.5499877929688,
2023-03-01 00:00:00+05:30,1492.4000244140625,1500.8499755859375,1481.5,1496.050048828125,5125043,0.0,0.0,0.005714093456348657,2.9353068195963985,1570.1400146484375,1641.3306175332948,1498.9494117635802,1542.1500244140625,1550.5250244140625,1546.3375244140625,1559.5499877929688,
2023-03-02 00:00:00+05:30,1485.0,1488.5999755859375,1467.300048828125,1472.1500244140625,4644499,0.0,0.0,-0.01597541768925692,2.8884140671072216,1564.5600158691407,1647.3016142014817,1481.8184175367996,1535.1500244140625,1543.5250244140625,1539.3375244140625,1559.5499877929688,
2023-03-03 00:00:00+05:30,1486.75,1489.800048828125,1473.0,1479.300048828125,4615015,0.0,0.0,0.0048568585371646655,2.9024426856279177,1558.5550170898437,1647.5757920726574,1469.53424210703,1534.4750366210938,1543.5250244140625,1539.0000305175781,1559.5499877929688,
2023-03-06 00:00:00+05:30,1494.550048828125,1520.4000244140625,1493.1500244140625,1507.449951171875,6561742,0.0,0.0,0.0190292039576756,2.957673859468195,1555.4350158691407,1647.0188780022495,1463.8511537360318,1521.1500244140625,1543.5250244140625,1532.3375244140625,1559.5499877929688,
2023-03-08 00:00:00+05:30,1490.550048828125,1496.0,1481.0999755859375,1492.699951171875,4136043,0.0,0.0,-0.009784736129072491,2.9287338011974433,1551.9500122070312,1647.471932405698,1456.4280920083645,1518.5750122070312,1543.5250244140625,1531.0500183105469,1559.5499877929688,
