Date,Open,High,Low,Close,Volume,Dividends,Stock Splits,daily_return,cum_return,middle_band,upper_band,lower_band,Conversion,Baseline,SpanA,SpanB,Lagging
2018-03-08 00:00:00+05:30,283.1124770757638,284.72683629614784,278.86901292317344,279.79150390625,401183,0.0,0.0,,,,,,,,,,295.0588073730469
2018-03-09 00:00:00+05:30,280.5295156433384,287.35594333777846,279.1457791585658,284.68072509765625,856594,0.0,0.0,0.017474516284970765,1.0174745162849708,,,,,,,,294.3207397460937
2018-03-12 00:00:00+05:30,286.1567119819174,288.0016939336972,282.14387060635835,285.46484375,444257,0.0,0.0,0.0027543791455313382,1.0202770268737358,,,,,,,,295.4738464355469
2018-03-13 00:00:00+05:30,284.31172758610006,287.81718200347143,283.52760463289616,285.5570678710937,1099876,0.0,0.0,0.0003230664760052182,1.020606644177357,,,,,,,,292.33740234375
2018-03-14 00:00:00+05:30,284.1272195718591,286.71018303436347,278.68452846374527,280.62176513671875,1042434,0.0,0.0,-0.01728306979466132,1.0029674283131447,,,,,,,,292.383544921875
2018-03-15 00:00:00+05:30,279.4224656345423,280.2527017477118,277.116238568968,277.7619934082031,1628521,0.0,0.0,-0.010190840782155153,0.9927463469415178,,,,,,,,291.691650390625
2018-03-16 00:00:00+05:30,277.7620226169523,281.0829955710415,276.3321447946224,277.900390625,2642597,0.0,0.0,0.0004982582933636959,0.9932409910420879,,,,,,,,298.1490783691406
2018-03-19 00:00:00+05:30,279.5147690989218,281.35975107317216,276.9318055958477,279.7453918457031,1182981,0.0,0.0,0.006639073865832623,0.9998351913481891,,,,,,,,294.6897277832031
2018-03-20 00:00:00+05:30,278.96124375409187,294.96646656978606,278.59225302290974,294.2284851074219,3252553,0.0,0.0,0.051772410498568844,1.0515990693055828,,,,285.6493056822043,,,,296.2118835449219
2018-03-21 00:00:00+05:30,294.96645733524394,302.57700705538707,291.73773927215296,300.5475158691406,3191086,0.0,0.0,0.02147661114256727,1.0741838535949444,,,,289.45457592500475,,,,306.7743530273437
2018-03-22 00:00:00+05:30,300.3631139006976,302.11584139591434,296.35027190362587,297.91851806640625,1363825,0.0,0.0,-0.008747361611463278,1.0647875789903543,,,,289.45457592500475,,,,292.5680236816406
2018-03-23 00:00:00+05:30,294.13625242002246,302.30030316285763,292.8908839758289,300.3169250488281,1256743,0.0,0.0,0.008050546834041716,1.073359701263322,,,,289.45457592500475,,,,287.90936279296875
2018-03-26 00:00:00+05:30,301.6545258268144,307.92745271768933,301.6545258268144,304.09912109375,1568176,0.0,0.0,0.01259401561968887,1.086877610106577,,,,292.1297987561559,,,,292.29132080078125
2018-03-27 00:00:00+05:30,304.5604200047398,305.3445430417812,296.6269912016144,300.4092102050781,973104,0.0,0.0,-0.012133908428937246,1.0736895367120816,,,,292.1297987561559,,,,295.24322509765625
2018-03-28 00:00:00+05:30,299.9479314869691,306.40536823868933,298.9331857955464,300.7781677246094,1374259,0.0,0.0,0.0012281831148897027,1.0750082240717052,,,,292.1297987561559,,,,294.2284851074219
2018-04-02 00:00:00+05:30,301.8851871061632,308.4348789962005,299.4867048172801,302.8999328613281,1249922,0.0,0.0,0.007054252483715606,1.0825916035063776,,,,292.6833422960241,,,,290.86138916015625
2018-04-03 00:00:00+05:30,302.4386752518324,303.26891150841345,295.75061560639966,299.8095703125,1112660,0.0,0.0,-0.010202585783480322,1.0715463698031282,,,,293.5135660095551,,,,290.7230529785156
2018-04-04 00:00:00+05:30,300.73202644862965,302.9921403622628,299.39440341367333,300.5936584472656,841290,0.0,0.0,0.0026152872103060165,1.0743487713193243,,,,300.08630913417676,,,,285.9261169433594
2018-04-05 00:00:00+05:30,303.31506294279023,304.23755404438293,295.24326580385446,298.656494140625,1263348,0.0,0.0,-0.006444461658463352,1.0674251718547396,,,,300.6628814860147,,,,288.3245544433594
2018-04-06 00:00:00+05:30,298.0106950985343,299.3022049717898,293.62886301307634,295.7967224121094,662451,0.0,0.0,-0.009575454693340979,1.0572040904831128,292.3789001464844,311.21018449937316,273.54761579359564,300.6628814860147,,,,288.1401062011719
2018-04-09 00:00:00+05:30,295.79671109100985,304.606516364328,295.79671109100985,302.71539306640625,1684842,0.0,0.0,0.023389950361443423,1.0819320416814278,293.5250946044922,311.9335662195182,275.11662298946624,301.03187100463845,,,,293.5366516113281
2018-04-10 00:00:00+05:30,303.0382608028136,306.03635622932546,297.8261928456229,299.25604248046875,1232727,0.0,0.0,-0.01142773266630226,1.0695680115459858,294.2538604736328,312.35217514130795,276.1555458059577,301.03187100463845,,,,296.2118835449219
2018-04-11 00:00:00+05:30,299.9018775210538,299.9941322661932,295.3355350825116,296.165771484375,956091,0.0,0.0,-0.010326511606847277,1.0585231050604436,294.7889068603516,312.43860801196877,277.1392057087344,301.03187100463845,,,,293.5366516113281
2018-04-12 00:00:00+05:30,296.48859495628574,298.0106994408697,293.9056314765184,295.0126037597656,730620,0.0,0.0,-0.0038936563088628473,1.0544015798943478,295.26168365478514,312.39020480726475,278.13316250230554,301.03187100463845,,,,285.7415466308594
2018-04-13 00:00:00+05:30,295.65838010506815,295.65838010506815,290.4924246194397,291.55328369140625,1633554,0.0,0.0,-0.011726007717203668,1.042037658831475,295.80825958251955,311.67092088383737,279.94559828120174,298.26439042438255,,,,288.6012878417969
2018-04-16 00:00:00+05:30,288.9241611273334,295.15097470204154,288.9241611273334,294.3668518066406,741956,0.0,0.0,0.009650270714194331,1.052093604333584,296.6385025024414,310.18140178141624,283.0956032234665,297.4802586783294,292.38351189541146,294.9318852868704,,286.3411560058594
2018-04-17 00:00:00+05:30,297.87239419037667,297.87239419037667,294.4591937409172,295.0588073730469,794361,0.0,0.0,0.0023506572229836653,1.0545667157638656,297.4964233398438,307.98194671993895,287.0108999597486,297.4802586783294,292.38351189541146,294.9318852868704,,289.7082824707031
2018-04-18 00:00:00+05:30,295.6583629454127,298.33358119185965,292.84477668059947,294.3207397460937,1152263,0.0,0.0,-0.002501425507424493,1.051928795681773,298.2251907348633,305.0169419959441,291.4334394737825,297.4802586783294,292.38351189541146,294.9318852868704,,293.1214599609375
2018-04-19 00:00:00+05:30,294.96648766291366,297.5033378304602,294.6436101929697,295.4738464355469,868756,0.0,0.0,0.003917857404299729,1.0560501027027311,298.2874588012695,304.9517707884492,291.6231468140898,297.4802586783294,292.38351189541146,294.9318852868704,,295.0588073730469
2018-04-20 00:00:00+05:30,295.012620705502,295.33549819706684,291.0459205296827,292.33740234375,544868,0.0,0.0,-0.010614963488760232,1.04484016942024,297.876953125,304.93790270804493,290.81600354195507,297.4802586783294,292.38351189541146,294.9318852868704,,295.7506103515625
2018-04-23 00:00:00+05:30,293.3060359572465,295.75063157054257,291.5071671773952,292.383544921875,484381,0.0,0.0,0.00015784014551356584,1.0450050871446197,297.60020446777344,305.0599984495741,290.1404104859728,294.4591466967633,292.38351189541146,293.4213292960874,,293.8134155273437
2018-04-24 00:00:00+05:30,293.0292453802034,294.9203687238132,290.21565923644386,291.691650390625,1260701,0.0,0.0,-0.00236639353775836,1.042532193859476,297.16894073486327,304.9447232405469,289.3931582291796,293.62887115959654,292.38351189541146,293.00619152750403,,296.9037475585937
2018-04-25 00:00:00+05:30,292.2451139244536,299.8095507740908,291.09200026763017,298.1490783691406,1389620,0.0,0.0,0.022137856773987163,1.0656116222494076,296.87143859863284,303.983997239655,289.75887995761065,294.3668559507121,292.6833422960241,293.5250991233681,,299.25604248046875
2018-04-26 00:00:00+05:30,299.34829554388926,300.5014091630876,291.69163237328746,294.6897277832031,3610030,0.0,0.0,-0.011602754584585595,1.0532475921139657,296.58546447753906,303.56325852867315,289.607670426405,294.7127851452105,293.5135660095551,294.1131755773828,,297.6417236328125
2018-04-27 00:00:00+05:30,293.8134011702365,299.1177247392439,293.8134011702365,296.2118835449219,1158920,0.0,0.0,0.005165282730311471,1.058687913712254,296.3571502685547,303.0618348585913,289.65246567851807,295.3585341997657,298.67952006176694,297.0190271307663,,301.1471862792969
2018-04-30 00:00:00+05:30,297.9645757482932,308.15808944722744,296.76534877860314,306.7743530273437,1936196,0.0,0.0,0.03565849335960203,1.0964391296532534,296.55087127685545,304.17234969111746,288.92939286259343,299.1868743418356,298.67952006176694,298.93319720180125,,309.4034729003906
2018-05-02 00:00:00+05:30,307.1895120949781,320.84236803832255,288.09393656873783,292.5680236816406,7061933,0.0,0.0,-0.04630872563338706,1.0456644308244312,296.1887939453125,303.8449721732744,288.5326157173506,304.4681523035302,304.4681523035302,304.4681523035302,,308.11199951171875
2018-05-03 00:00:00+05:30,286.8946173583707,292.6140711517902,280.94454088218725,287.90936279296875,3585505,0.0,0.0,-0.01592334264711448,1.0290139577985138,295.55457916259763,303.7354942771344,287.37366404806085,300.89345446025493,300.89345446025493,300.89345446025493,,317.0140075683594
2018-05-04 00:00:00+05:30,289.6622154441769,302.9460821143625,289.6622154441769,292.29132080078125,4073638,0.0,0.0,0.015219921871604702,1.044675469840998,295.23632049560547,303.4048838138926,287.06775717731836,300.89345446025493,300.89345446025493,300.89345446025493,,322.5489501953125
2018-05-07 00:00:00+05:30,294.27462083540644,297.45722595798213,288.92418444472975,295.24322509765625,2301610,0.0,0.0,0.010099185596027072,1.055225841298539,295.2086456298828,303.37313223507806,287.0441590246876,300.89345446025493,300.89345446025493,300.89345446025493,,315.7686767578125
2018-05-08 00:00:00+05:30,295.0587212906287,296.2579482050176,292.61412602533545,294.2284851074219,1495953,0.0,0.0,-0.0034369628292020282,1.0515990693055823,294.78430023193357,302.1823604987678,287.3862399650993,300.89345446025493,300.89345446025493,300.89345446025493,,310.9255676269531
2018-05-09 00:00:00+05:30,294.0439942410531,294.412984995545,287.86329353260044,290.86138916015625,1430414,0.0,0.0,-0.011443813626802024,1.0395647655463307,294.364567565918,301.6506736656126,287.07846146622336,300.89345446025493,300.89345446025493,300.89345446025493,,317.47528076171875
2018-05-10 00:00:00+05:30,291.1381852178921,293.53666761299286,289.6621938861229,290.7230529785156,1252574,0.0,0.0,-0.00047560861219864137,1.0390703395908987,294.092431640625,301.4960156569085,286.6888476243415,300.89345446025493,300.89345446025493,300.89345446025493,,312.35546875
2018-05-11 00:00:00+05:30,291.1381858317335,291.9684221600438,284.58849363783105,285.9261169433594,1475765,0.0,0.0,-0.01650001947217694,1.0219256587546874,293.6381072998047,301.8412122198474,285.43500237976195,300.89345446025493,300.89345446025493,300.89345446025493,,311.8480529785156
2018-05-14 00:00:00+05:30,286.24894966705307,290.12342317703474,285.5570814082843,288.3245544433594,396217,0.0,0.0,0.008388312077399762,1.0304978901002242,293.47667083740237,301.96285453823026,284.9904871365745,300.89345446025493,300.89345446025493,300.89345446025493,,308.48095703125
2018-05-15 00:00:00+05:30,288.97034257653945,290.5847020322743,285.4648875906788,288.1401062011719,1121176,0.0,0.0,-0.000639724363898142,1.0298386554929815,293.1653335571289,301.9528966150796,284.3777704991782,291.9453114982749,300.89345446025493,296.4193829792649,,309.4034729003906
2018-05-16 00:00:00+05:30,287.3098372732843,296.1196151869734,285.97221404349455,293.5366516113281,3139692,0.0,0.0,0.018728893666709823,1.0491263941655768,293.08922576904297,301.83570049626434,284.3427510418216,293.7672878760968,300.89345446025493,297.3303711681759,,309.2651062011719
2018-05-17 00:00:00+05:30,294.92040169768904,298.7948472393875,292.7064006427839,296.2118835449219,3069877,0.0,0.0,0.009113791817507044,1.0586879137122538,293.18378295898435,302.02287602830035,284.34468988966836,291.69167043860926,300.89345446025493,296.2925624494321,,307.6968688964844
2018-05-18 00:00:00+05:30,297.4572384167631,297.4572384167631,291.645528143274,293.5366516113281,853748,0.0,0.0,-0.009031480781857448,1.0491263941655768,293.08692321777346,301.86510318329766,284.30874325224926,291.69167043860926,300.89345446025493,296.2925624494321,,305.5290222167969
2018-05-21 00:00:00+05:30,293.81334173342606,294.6897193197224,284.1271876103461,285.7415466308594,1274274,0.0,0.0,-0.02655581487926162,1.0212659878571686,292.7571304321289,302.1065734585485,283.40768740570934,291.4610174248668,300.89345446025493,296.17723594256086,,314.38494873046875
2018-05-22 00:00:00+05:30,286.8946740218402,289.1547880201867,284.4961920169434,288.6012878417969,562513,0.0,0.0,0.01000813932960165,1.0314869601562264,292.568017578125,302.0933136538527,283.04272150239734,291.4610174248668,300.89345446025493,296.17723594256086,,309.68023681640625
2018-05-23 00:00:00+05:30,288.73963786134306,290.07726086310896,285.5109198660884,286.3411560058594,463529,0.0,0.0,-0.007831329696548095,1.023409045693553,292.30049285888674,302.20636097960033,282.39462473817315,291.4610174248668,300.89345446025493,296.17723594256086,,306.82049560546875
2018-05-24 00:00:00+05:30,286.5257054649504,294.5975015807005,285.41870502248554,289.7082824707031,3522416,0.0,0.0,0.011759142527087096,1.0354434585253736,291.87845306396486,301.46221500258247,282.29469112534724,291.4610174248668,300.89345446025493,296.17723594256086,,305.94415283203125
2018-05-25 00:00:00+05:30,288.60126054398336,293.8133280804362,288.60126054398336,293.1214599609375,889468,0.0,0.0,0.011781428756975743,1.047642461863867,291.80003967285154,301.31518906838926,282.2848902773138,291.4610174248668,300.89345446025493,296.17723594256086,,307.6507568359375
2018-05-28 00:00:00+05:30,294.1824294976444,298.28752647918765,291.96845631244423,295.0588073730469,801486,0.0,0.0,0.006609367367259811,1.0545667157638656,291.7423858642578,301.16238062419063,282.322391104325,291.4610174248668,300.89345446025493,296.17723594256086,,314.38494873046875
2018-05-29 00:00:00+05:30,294.41298718536626,297.31882810786504,293.1676187465267,295.7506103515625,564273,0.0,0.0,0.0023446274479139717,1.0570392818313021,291.1911987304687,297.90457167351207,284.4778257874254,291.4610174248668,300.89345446025493,296.17723594256086,,317.19854736328125
2018-05-30 00:00:00+05:30,295.1971521781789,297.9646254798494,291.36881974130705,293.8134155273437,948210,0.0,0.0,-0.006550095778047771,1.0501155732941483,291.2534683227539,298.04026990115733,284.4666667443505,291.20735704476687,300.89345446025493,296.05040575251087,,318.9051208496094
2018-05-31 00:00:00+05:30,294.2746424579199,298.4258521477652,290.5846782891685,296.9037475585937,2225475,0.0,0.0,0.01051800859978913,1.0611606979248287,291.7031875610352,298.73431605659283,284.6720590654775,291.2765198790556,300.89345446025493,296.0849871696553,,320.24267578125
2018-06-01 00:00:00+05:30,298.4258063004877,303.2688835279299,297.13432467027405,299.25604248046875,1586563,0.0,0.0,0.007922752545960421,1.0695680115459858,292.05142364501955,299.82384090383425,284.27900638620486,293.88253777243665,300.89345446025493,297.3879961163458,,320.6117248535156
2018-06-04 00:00:00+05:30,300.270828684916,300.96269695377526,295.01261858070893,297.6417236328125,1449007,0.0,0.0,-0.005394440273538081,1.063798290789214,292.17134857177734,300.2094579616058,284.1332391819489,294.34379427520776,300.89345446025493,297.61862436773134,,323.1485900878906
2018-06-05 00:00:00+05:30,297.9184679072201,303.4534136879232,297.0882035183626,301.1471862792969,2165106,0.0,0.0,0.011777457151165072,1.0763271295764667,292.5172836303711,301.4369909851964,283.59757627554575,294.4360593552044,300.89345446025493,297.66475690772967,,316.46051025390625
2018-06-06 00:00:00+05:30,301.23942199565954,310.87946411714165,299.7634589310994,309.4034729003906,2086409,0.0,0.0,0.027416117424509112,1.10583584054812,293.4443878173828,304.98492694379394,281.90384869097164,299.7403623305625,300.89345446025493,300.31690839540875,,323.7020568847656
2018-06-07 00:00:00+05:30,310.0030948346715,312.63219986214096,306.49764023284,308.11199951171875,854455,0.0,0.0,-0.004174075282883605,1.101219998499161,294.31383514404297,307.43361588791174,281.1940544001742,301.6084390756547,296.7883703721641,299.1984047239094,,327.3920593261719
2018-06-08 00:00:00+05:30,306.5437297138378,319.1357536328354,306.1747389663345,317.0140075683594,1494578,0.0,0.0,0.028892117381822624,1.1330365759590093,295.868229675293,311.7528534111527,279.98360593943323,304.8602159610019,301.6314706215908,303.24584329129635,,324.4862060546875
2018-06-11 00:00:00+05:30,319.1818639087934,325.5470457378084,315.9531456322593,322.5489501953125,2464534,0.0,0.0,0.017459615331854472,1.152818958732175,297.57944946289064,316.8901904499813,278.2687084758,308.0658620134884,304.83711667407727,306.45148934378284,,320.9807434082031
2018-06-12 00:00:00+05:30,321.02688703039433,321.9493780850794,314.7539591194132,315.7686767578125,1186114,0.0,0.0,-0.021020913053334533,1.1285856516344304,298.9608779907227,319.30950027463166,278.6122557068137,308.0658620134884,304.83711667407727,306.45148934378284,,322.2261047363281
2018-06-13 00:00:00+05:30,315.81478661915867,317.5214005300965,310.0492181039564,310.9255676269531,718879,0.0,0.0,-0.015337522329910924,1.1112759440012703,299.83032379150393,320.6631082510599,278.99753933194796,310.27983215925866,304.83711667407727,307.558474416668,,319.181884765625
2018-06-14 00:00:00+05:30,308.20425721730373,318.12103574037707,306.82052067920046,317.47528076171875,1294847,0.0,0.0,0.021065212438958758,1.1346852078399614,300.89349365234375,323.02350458954476,278.76348271514274,310.27983215925866,304.83711667407727,307.558474416668,,324.1171875
2018-06-15 00:00:00+05:30,319.18189674946336,319.41251950723034,309.5879956567965,312.35546875,1366877,0.0,0.0,-0.016126647717059406,1.116386539223368,301.83443450927734,324.2348146430198,279.4340543755349,311.31762462808547,304.83711667407727,308.07737065108137,,324.762939453125
2018-06-18 00:00:00+05:30,313.600808297353,315.9992622347714,310.69493929622234,311.8480529785156,430123,0.0,0.0,-0.0016244817915785914,1.1145729896180363,303.13975982666017,324.6524941138062,281.62702553951414,312.6552523344539,304.83711667407727,308.74618450426556,,326.14666748046875
2018-06-19 00:00:00+05:30,311.80192996306954,312.03255269233216,305.298380258739,308.48095703125,1267306,0.0,0.0,-0.010797232546767233,1.102538685858785,304.1337432861328,324.67235042462465,283.59513614764097,315.4227129982737,304.83711667407727,310.1299148361755,,330.29791259765625
2018-06-20 00:00:00+05:30,309.8647183961134,310.4643319101148,307.18950015135954,309.4034729003906,940278,0.0,0.0,0.002990511563562004,1.1058358405481201,305.2868591308594,324.2094355146237,286.3642827470951,315.4227129982737,304.83711667407727,310.1299148361755,,336.2479553222656
2018-06-21 00:00:00+05:30,309.6802384099693,310.87946544308704,303.2228014423088,309.2651062011719,1154226,0.0,0.0,-0.0004472047385948308,1.105341305520119,306.2647003173828,323.8239570403135,288.7054435944521,314.38492359005863,304.83711667407727,309.61102013206795,,333.1575927734375
2018-06-22 00:00:00+05:30,308.94223740568884,310.6949647157361,305.57515080835213,307.6968688964844,800499,0.0,0.0,-0.005070851102314089,1.099736284342589,306.9934707641602,323.4758053383172,290.5111361900032,312.5860897636941,304.83711667407727,308.71160321888567,,335.6021728515625
2018-06-25 00:00:00+05:30,308.1119856862244,308.8038539175557,303.8685215702874,305.5290222167969,677808,0.0,0.0,-0.007045397268624187,1.091988205328675,307.51698150634763,323.07955253632423,291.95441047637104,311.3176604747696,304.83711667407727,308.0773885744234,,335.8790283203125
2018-06-26 00:00:00+05:30,304.6987923927072,318.7206680663442,304.6987923927072,314.38494873046875,2227683,0.0,0.0,0.028985549226770102,1.1236400832092817,308.44869842529295,323.2887679240535,293.6086289265324,311.3176604747696,305.0216188773759,308.16963967607273,,339.9379272460937
2018-06-27 00:00:00+05:30,314.52331451723,315.67642825552133,308.01973614195214,309.68023681640625,1154217,0.0,0.0,-0.014964812829178942,1.1068250196766918,309.2420394897461,322.4587687460103,296.0253102334819,311.3176604747696,305.482875380147,308.4002679274583,,324.163330078125
2018-06-28 00:00:00+05:30,306.49761814252554,311.06395960597627,304.6526362424953,306.82049560546875,1252925,0.0,0.0,-0.009234496977709616,1.096604047377634,309.73787689208984,321.7417662842292,297.7339874999505,310.9717347543265,305.482875380147,308.2273050672368,298.5872564164725,325.1780700683594
2018-06-29 00:00:00+05:30,308.11201244222804,309.2651262612483,302.94605690257845,305.94415283203125,1240526,0.0,0.0,-0.0028562067592914353,1.0934719194852476,310.072282409668,321.22292409997374,298.92164071936224,310.8333624844613,307.0741531408959,308.9537578126786,298.5872564164725,334.8180847167969
2018-07-02 00:00:00+05:30,305.9441428092578,308.9883800830575,305.1139065172004,307.6507568359375,706904,0.0,0.0,0.005578155320533851,1.0995714756907786,310.5727340698242,320.2302471136249,300.9152210260235,310.8333624844613,308.0658620134884,309.44961224897486,298.5872564164725,333.6650085449219
2018-07-03 00:00:00+05:30,308.34264341874257,315.6764587639252,304.4220563296486,314.38494873046875,1593709,0.0,0.0,0.021889079564729963,1.1236400832092817,311.2346221923828,319.9794321504776,302.489812234288,310.8333624844613,308.0658620134884,309.44961224897486,298.5872564164725,333.61883544921875
2018-07-04 00:00:00+05:30,314.4771875547473,318.5361424699669,311.5252331401295,317.19854736328125,1001539,0.0,0.0,0.00894953350716765,1.1336961377839598,311.62437591552737,320.7002235927225,302.5485282383322,310.8333624844613,308.0658620134884,309.44961224897486,298.5872564164725,335.5561218261719
2018-07-05 00:00:00+05:30,317.19850702495944,322.5950845127709,315.67640264434306,318.9051208496094,1141426,0.0,0.0,0.005380142817531963,1.139795584916922,312.1640319824219,321.6200822500614,302.70798171478236,312.77057070767466,308.0658620134884,310.41821636058154,298.5872564164725,336.70916748046875
2018-07-06 00:00:00+05:30,319.181816991052,321.48804399243244,315.49185378884334,320.24267578125,1322634,0.0,0.0,0.004194209638519464,1.1445761265451224,312.3254653930664,322.2123931504577,302.4385376356751,312.77057070767466,310.27983215925866,311.5252014334667,298.5872564164725,331.6816101074219
2018-07-09 00:00:00+05:30,321.02685705023254,322.8257256997522,317.9826481149426,320.6117248535156,520788,0.0,0.0,0.0011524044113275789,1.1458951411224532,312.2286041259766,321.7398281764558,302.7173800754974,312.8858913011653,310.27983215925866,311.582861730212,298.8870868170851,336.1095886230469
2018-07-10 00:00:00+05:30,319.18188999906783,325.3164495954902,319.18188999906783,323.1485900878906,1108559,0.0,0.0,0.00791257785576649,1.154962125641129,312.5975997924805,323.15644597638766,302.0387536085733,314.13125324903433,311.31762462808547,312.7244389385599,299.71731053061615,335.1409606933594
2018-07-11 00:00:00+05:30,323.79432459317457,325.8699292380026,315.2612832755482,316.46051025390625,805862,0.0,0.0,-0.020696608430707752,1.1310583267744367,312.8743469238281,323.53414760592716,302.21454624172907,314.40799307029056,312.81669408455105,313.6123435774208,300.89345446025493,342.3825378417969
2018-07-12 00:00:00+05:30,317.3368751930178,326.7462937997328,316.13764826275684,323.7020568847656,4096170,0.0,0.0,0.02288293924903706,1.1569402657531336,313.1856857299805,324.7036658061522,301.6677056538088,315.5841750646907,314.84617535115564,315.21517520792315,300.89345446025493,336.017333984375
2018-07-13 00:00:00+05:30,327.0230685464028,337.8162248058491,323.7482366666879,327.3920593261719,4665729,0.0,0.0,0.011399379036753698,1.170128666365336,313.93751525878906,327.01592699123603,300.8591035263421,321.1191405677489,320.38114085421375,320.7501407109813,300.89345446025493,334.2645874023437
2018-07-16 00:00:00+05:30,327.71492452289334,331.7738792524854,322.5028560546564,324.4862060546875,1904712,0.0,0.0,-0.008875759777024261,1.1597428854144676,314.56942291259764,328.3913626581555,300.7474831670398,324.6707289729893,320.38114085421375,322.52593491360153,300.89345446025493,352.2992858886719
2018-07-17 00:00:00+05:30,326.28506647142234,326.28506647142234,317.7981383093955,320.9807434082031,2282929,0.0,0.0,-0.010803117608930268,1.147214046627215,315.1944122314453,328.9887018350621,301.4001226278285,326.5387540406987,320.38114085421375,323.4599474474562,303.2457933099978,349.3473205566406
2018-07-18 00:00:00+05:30,323.6098412779708,329.0986741540305,319.2741503388055,322.2261047363281,1495189,0.0,0.0,0.003879863056274413,1.1516650800243629,315.8355438232422,329.68606747005316,301.9850201764312,326.5387540406987,320.38114085421375,323.4599474474562,303.2457933099978,347.77911376953125
2018-07-19 00:00:00+05:30,322.8257354624096,324.9935667822729,314.200439015328,319.181884765625,1315209,0.0,0.0,-0.009447465385196363,1.1407847640454933,316.33138275146484,329.90997916471207,302.7527863382176,326.0083319105886,320.38114085421375,323.1947363824012,303.2457933099978,342.7054138183594
2018-07-20 00:00:00+05:30,320.56559185903774,325.4547824308325,318.48998730743244,324.1171875,2540295,0.0,0.0,0.015462352250971145,1.1584239799097058,317.15239868164065,330.52531038494385,303.77948697833745,326.0083319105886,320.38114085421375,323.1947363824012,303.2457933099978,340.1224365234375
2018-07-23 00:00:00+05:30,326.4695534028953,327.8994313185151,318.7667480608767,324.762939453125,1435129,0.0,0.0,0.001992340974281026,1.1607319554704696,318.11409454345704,330.743003187237,305.4851858996771,326.0083319105886,320.38114085421375,323.1947363824012,303.2457933099978,341.50616455078125
2018-07-24 00:00:00+05:30,326.0544409062678,328.5451496056812,321.99545816259,326.14666748046875,3123945,0.0,0.0,0.0042607325505608085,1.1656775238956187,318.70218048095705,331.6761841236511,305.728176838263,326.0083319105886,320.38114085421375,323.1947363824012,303.2457933099978,340.8143005371094
2018-07-25 00:00:00+05:30,327.7610621839962,332.4196589258513,325.63934400799417,330.29791259765625,4468795,0.0,0.0,0.01272815432779506,1.1805144473162041,319.73306427001955,332.95261954717154,306.51350899286757,326.0083319105886,320.38114085421375,323.1947363824012,303.2457933099978,333.01922607421875
2018-07-26 00:00:00+05:30,328.8680276334367,337.2165595705484,328.4528954400641,336.2479553222656,2664805,0.0,0.0,0.018014169928640245,1.201780435173373,321.2044372558594,334.89515037513075,307.513724136588,325.7084992929382,320.38114085421375,323.044820073576,303.2457933099978,327.0230407714844
2018-07-27 00:00:00+05:30,336.7091884740813,345.70347501551225,331.5432336506165,333.1575927734375,2964350,0.0,0.0,-0.009190725177395609,1.1907352014701236,322.5651092529297,335.28328992897286,309.8469285768865,329.95195701542013,324.32476595904535,327.1383614872327,303.2457933099978,324.762939453125
2018-07-30 00:00:00+05:30,334.1262099566554,339.107655107436,333.0192096332874,335.6021728515625,694782,0.0,0.0,0.0073376087808012525,1.19947235054004,323.9626800537109,335.9311515189421,311.99420858847975,329.95195701542013,324.32476595904535,327.1383614872327,303.2457933099978,328.6835021972656
2018-07-31 00:00:00+05:30,336.6170099683932,338.5542469848491,331.4049406793108,335.8790283203125,2971376,0.0,0.0,0.0008249513595146585,1.2004618568863181,325.0373840332031,337.2331668714717,312.8416011949345,329.95195701542013,324.32476595904535,327.1383614872327,303.2457933099978,329.7444152832031
2018-08-01 00:00:00+05:30,337.1704542970075,341.2755504323617,335.8789725512054,339.9379272460937,2772483,0.0,0.0,0.01208440713336345,1.2149687267130058,326.1743530273437,339.43998784573006,312.9087182089574,332.09673116147235,324.32476595904535,328.2107485602588,303.2457933099978,317.75201416015625
2018-08-02 00:00:00+05:30,340.81430943255737,341.64454569778707,321.3958570925653,324.163330078125,6861034,0.0,0.0,-0.04640434592209797,1.1585888976340846,326.43726348876953,339.3148101167839,313.55971686075515,332.2351115381945,324.32476595904535,328.2799387486199,303.2457933099978,310.8333740234375
2018-08-03 00:00:00+05:30,322.87184262106604,328.77577925569886,318.5361237592784,325.1780700683594,3304951,0.0,0.0,0.0031303355317513493,1.1622156696270411,326.684033203125,339.2596820820051,314.1083843242449,332.11979938739535,324.32476595904535,328.2222826732203,303.2457933099978,317.6598205566406
2018-08-06 00:00:00+05:30,326.79240259473823,335.8789436254812,326.5617798688421,334.8180847167969,2142413,0.0,0.0,0.02964534061725299,1.1966699490238435,327.39435119628905,340.1234024776766,314.6652999149015,332.11979938739535,325.06276567258044,328.5912825299879,303.2457933099978,319.5508117675781
2018-08-07 00:00:00+05:30,335.7867266004769,337.1704631111932,330.8975355234893,333.6650085449219,1358288,0.0,0.0,-0.0034438885607099845,1.1925487510754549,327.9201721191406,340.7738192292967,315.0665250089845,332.11979938739535,325.06276567258044,328.5912825299879,303.2457933099978,316.2760009765625
2018-08-08 00:00:00+05:30,334.8642038211401,336.29405348567167,331.635485602479,333.61883544921875,994845,0.0,0.0,-0.0001383815938761357,1.192383724278506,328.77808837890626,340.705103433773,316.85107332403953,332.11979938739535,328.61435407782085,330.3670767326081,303.2457933099978,317.8903503417969
2018-08-09 00:00:00+05:30,334.58751747765393,338.69258578806046,332.0967803640464,335.5561218261719,970281,0.0,0.0,0.005806885496571379,1.1993077600333666,329.37079162597655,341.4087490448626,317.3328342070905,330.09033472853275,329.95195701542013,330.02114587197644,303.2457933099978,317.47528076171875
2018-08-10 00:00:00+05:30,335.55605389320687,338.46189450266934,335.04869517568653,336.70916748046875,1449246,0.0,0.0,0.0034362229722459947,1.2034288489091862,329.8366470336914,342.25161544480744,317.42167862257537,330.09033472853275,329.95195701542013,330.02114587197644,303.2457933099978,311.6174011230469
2018-08-13 00:00:00+05:30,333.203742698031,336.75531033694665,330.8513738821194,331.6816101074219,683166,0.0,0.0,-0.01493145378448446,1.1854599066687834,330.1964172363281,342.3828089327597,318.0100255398965,330.09033472853275,329.95195701542013,330.02114587197644,303.2457933099978,306.7282409667969
2018-08-14 00:00:00+05:30,333.38822901627213,337.07819287511785,332.5579927784699,336.1095886230469,1019899,0.0,0.0,0.013350087495628493,1.2012859001453713,330.95285949707034,342.61871840336136,319.2870005907793,330.09033472853275,329.95195701542013,330.02114587197644,303.2457933099978,305.94415283203125
2018-08-16 00:00:00+05:30,335.7867156381551,341.1371520440407,333.2037521633532,335.1409606933594,1137343,0.0,0.0,-0.002881881274663156,1.1978239368042254,331.5986022949219,342.66903678319153,320.5281678066522,329.8366379016595,329.95195701542013,329.8942974585398,303.2457933099978,313.3701477050781
2018-08-17 00:00:00+05:30,335.1871191172676,343.16666084243974,335.1871191172676,342.3825378417969,989961,0.0,0.0,0.021607556215915036,1.2237059848554914,332.75863494873045,343.22064373505316,322.29662616240773,334.8642203556409,329.95195701542013,332.4080886855305,303.40723506009493,310.6026916503906
2018-08-20 00:00:00+05:30,342.10577998350726,342.7053934802891,334.9564750051163,336.017333984375,1220215,0.0,0.0,-0.018590912660280012,1.200956173769181,333.35364227294923,343.10405986866766,323.6032246772308,337.00901736227956,329.95195701542013,333.48048718884985,303.84541734096,307.235595703125
2018-08-21 00:00:00+05:30,335.7405784911368,335.8789464974199,331.63548267421066,334.2645874023437,1608928,0.0,0.0,-0.0052162385828369295,1.19469169983927,333.82872467041017,342.739623013102,324.91782632771833,337.00901736227956,329.95195701542013,333.48048718884985,309.3803828440182,307.420166015625
2018-08-23 00:00:00+05:30,335.83281690757644,354.51325852386856,333.75721228354394,352.2992858886719,4053955,0.0,0.0,0.05395336259362815,1.2591493343082962,335.1363555908203,346.5177843163979,323.7549268652427,342.682316202994,334.3568487695983,338.51958248629614,310.9717062080976,301.8390808105469
2018-08-24 00:00:00+05:30,352.71440676388323,357.78810679326455,347.13331984025064,349.3473205566406,3633982,0.0,0.0,-0.008379140833581156,1.248598744705617,336.08882598876954,348.81547143589637,323.3621805416427,344.319740337692,335.9942729042963,340.15700662099414,310.9717062080976,289.7082824707031
2018-08-27 00:00:00+05:30,350.0392280244009,356.4044104178612,345.2883767601725,347.77911376953125,1355792,0.0,0.0,-0.0044889618291923394,1.242993832600656,336.66538391113284,350.38580435678494,322.9449634654807,344.319740337692,335.9942729042963,340.15700662099414,310.9717062080976,283.7582397460937
2018-08-28 00:00:00+05:30,348.2403599365564,350.54658748580505,338.92319500715314,342.7054138183594,2112354,0.0,0.0,-0.014588857554378998,1.2248599726358733,337.1427749633789,351.0070007564906,323.2785491702672,344.71179473373763,338.1390470503485,341.42542089204306,310.9717062080976,285.7415466308594
2018-08-29 00:00:00+05:30,344.089136487484,345.8880051643136,338.55419059224295,340.1224365234375,796953,0.0,0.0,-0.007537019232181974,1.215628179465387,337.36878814697263,351.2729393311244,323.46463696282086,344.71179473373763,338.1621152762715,341.43695500500456,310.9717062080976,271.7658386230469
2018-08-30 00:00:00+05:30,342.1518913312742,347.87134654244034,339.33830516499137,341.50616455078125,1990690,0.0,0.0,0.004068323282308439,1.220573747890536,337.65014495849607,351.650774472484,323.64951544450815,344.71179473373763,338.1621152762715,341.43695500500456,310.9717062080976,278.36163330078125
2018-08-31 00:00:00+05:30,342.79765049455574,345.888000878209,334.67971305748205,340.8143005371094,3577081,0.0,0.0,-0.002025919545499133,1.2181009636779616,337.6939636230469,351.728774277681,323.6591529684128,344.71179473373763,338.1621152762715,341.43695500500456,310.9717062080976,282.0516662597656
2018-09-03 00:00:00+05:30,344.18137196919406,345.6573630891575,331.6354896777885,333.01922607421875,1996863,0.0,0.0,-0.02287191133296318,1.1902406664421223,338.1367584228516,350.92679686218196,325.3467199835212,344.71179473373763,338.1621152762715,341.43695500500456,310.9717062080976,290.5385437011719
2018-09-04 00:00:00+05:30,334.77195909726777,336.29406352965907,325.73155907588534,327.0230407714844,1199723,0.0,0.0,-0.018005522904548488,1.1688097608605736,338.2290069580078,350.6616596863666,325.796354229649,341.75983293457494,338.1621152762715,339.96097410542325,310.9717062080976,290.86138916015625
2018-09-05 00:00:00+05:30,326.9307988946067,327.3920443863181,319.4125030101489,324.762939453125,1405367,0.0,0.0,-0.006911137860584837,1.160731955470469,337.7262496948242,351.43246717539427,324.0200322142542,338.60030490170675,338.1621152762715,338.3812100889891,314.9153313129292,293.3521423339844
2018-09-06 00:00:00+05:30,327.2997658228979,331.40486166106416,323.01018869279574,328.6835021972656,1289898,0.0,0.0,0.012072075559922402,1.1747443993417248,337.47717437744143,351.6478472991629,323.30650145571997,337.90845671400507,338.1621152762715,338.0352859951383,314.9153313129292,290.400146484375
2018-09-07 00:00:00+05:30,327.4843010992475,333.2498697805723,325.6393191212236,329.7444152832031,1008907,0.0,0.0,0.003227764943616762,1.1785361981316302,337.2834533691406,351.76572873593943,322.80117800234177,334.97954524797694,338.1621152762715,336.5708302621242,314.9153313129292,285.97222900390625
2018-09-10 00:00:00+05:30,331.5432367617858,331.5432367617858,315.53801339204614,317.75201416015625,1991897,0.0,0.0,-0.03636877705039254,1.1356742778959636,336.3932479858398,353.21760906571797,319.5688869059617,331.70467996724324,336.6630600926553,334.1838700299493,315.0998335162278,286.8023681640625
2018-09-11 00:00:00+05:30,316.4144336772761,317.24467000109274,309.634118753753,310.8333740234375,2588237,0.0,0.0,-0.02177370977491755,1.110946435770218,335.0994583129883,355.30742482906936,314.89149179690725,328.75273264809664,333.7111127735088,331.2319227108027,315.5610900189989,287.40203857421875
2018-09-12 00:00:00+05:30,311.34075079887634,323.70212608904467,311.34075079887634,317.6598205566406,3191229,0.0,0.0,0.021961755408826944,1.1353447696649115,334.3983688354492,355.97396775751673,312.8227699133817,327.761059815981,333.7111127735088,330.7360862947449,315.5610900189989,279.7453918457031
2018-09-14 00:00:00+05:30,320.0120571737531,324.76287922691813,318.21321698098194,319.5508117675781,1339073,0.0,0.0,0.005952881316950487,1.1421033423325473,333.57042999267577,356.08076349847124,311.0600964868803,327.6457409214553,333.7111127735088,330.678426847482,317.1523677797478,274.4871826171875
2018-09-17 00:00:00+05:30,318.9973321566256,318.9973321566256,313.9236323625358,316.2760009765625,343467,0.0,0.0,-0.010248169212593083,1.1303988740220552,332.62718200683594,356.3567604703127,308.8976035433592,322.96409114170604,333.7111127735088,328.3376019576074,318.14407665234035,277.0701599121094
2018-09-18 00:00:00+05:30,317.429104919987,325.27027709075475,316.414359361568,317.8903503417969,1985724,0.0,0.0,0.00510424237137741,1.136168703851396,331.40257263183594,355.5209708279019,307.28417443576996,321.4419942671626,333.7111127735088,327.57655352033566,318.14407665234035,279.9299011230469
2018-09-19 00:00:00+05:30,320.2427538379253,326.19283221264607,315.6764401534997,317.47528076171875,1381822,0.0,0.0,-0.0013057004707184294,1.1346852078399616,330.4754699707031,355.2370161161127,305.7139238252935,321.4419942671626,333.7111127735088,327.57655352033566,318.14407665234035,288.509033203125
2018-09-21 00:00:00+05:30,319.1818374329097,324.1632824444888,295.19707508245983,311.6174011230469,2440850,0.0,0.0,-0.018451451163747468,1.113748619141276,329.3431106567383,355.36137613982083,303.3248451736558,314.22347243151603,326.4925909378622,320.3580316846891,318.14407665234035,296.3963623046875
2018-09-24 00:00:00+05:30,315.3996502689541,317.7058776446443,304.60652304203774,306.7282409667969,1640077,0.0,0.0,-0.015689624965197102,1.0962743210014432,327.0645584106445,352.6147209707173,301.5143958505717,313.3701559221228,326.4925909378622,319.9313734299925,320.3580467981106,295.1971130371094
2018-09-25 00:00:00+05:30,308.94224876148405,310.1415040245809,302.1158205833224,305.94415283203125,2992229,0.0,0.0,-0.0025562958672934455,1.0934719194852474,324.89440002441404,349.8656990803918,299.9231009684363,310.69495364755295,326.4925909378622,318.59377229270757,320.3580467981106,311.8480529785156
2018-09-26 00:00:00+05:30,307.8352026987042,319.78144211281625,307.8352026987042,313.3701477050781,2638508,0.0,0.0,0.02427238698405154,1.120013093071187,323.17395172119143,346.25121710031954,300.0966863420633,310.69495364755295,326.4925909378622,318.59377229270757,321.3958392669374,314.7077941894531
2018-09-27 00:00:00+05:30,313.27790958137155,318.3516094392341,308.5270871630832,310.6026916503906,1591531,0.0,0.0,-0.008831268948094051,1.1101219562208886,321.56881561279295,343.40832115318653,299.72931007239936,310.69495364755295,326.4925909378622,318.59377229270757,322.73346697330584,309.0805969238281
2018-09-28 00:00:00+05:30,310.9717008941059,314.01590972925544,304.744887061327,307.235595703125,1776744,0.0,0.0,-0.010840524044960831,1.0980876524616372,319.92447357177736,340.85213798993203,298.9968091536227,310.69495364755295,326.4925909378622,318.59377229270757,324.32476595904535,313.32403564453125
2018-10-01 00:00:00+05:30,308.1120343562453,315.3997085803403,303.08444648685975,307.420166015625,1903650,0.0,0.0,0.0006007452101297606,1.0987473233591563,318.22017364501954,337.2900873343932,299.1502599556459,310.69495364755295,326.4925909378622,318.59377229270757,324.32476595904535,314.06207275390625
2018-10-03 00:00:00+05:30,304.4220444724665,308.48099943499426,299.99409872283496,301.8390808105469,1172993,0.0,0.0,-0.01815458392796021,1.0788000228616108,316.2714126586914,333.57296081257687,298.96986450480597,310.69495364755295,326.4925909378622,318.59377229270757,328.7296577132235,314.66522216796875
2018-10-04 00:00:00+05:30,298.8870790289181,300.4553249637116,286.8946962283751,289.7082824707031,2029729,0.0,0.0,-0.040189621261992214,1.0354434585253742,314.1058654785156,333.24568601216924,294.966044944862,305.52898933643195,321.64955332311814,313.58927132977504,330.3670818479215,313.3660888671875
2018-10-05 00:00:00+05:30,288.87805358060695,290.0773087825536,280.66788923825806,283.7582397460937,2085811,0.0,0.0,-0.020538048390836505,1.014177470668205,311.94262542724607,334.300745053417,289.5845058010751,300.22466567553715,315.6072383620316,307.91595201878437,330.3670818479215,322.7383117675781
2018-10-08 00:00:00+05:30,283.1124420241574,288.555132520022,279.8376107005624,285.7415466308594,1964565,0.0,0.0,0.006989424823541146,1.0212659878571695,309.99155578613284,334.2827589041742,285.70035266809145,299.8095264066893,313.85447862150136,306.83200251409534,330.3670818479215,321.5319519042969
2018-10-09 00:00:00+05:30,286.89468452376576,290.4001388615726,267.5223746363089,271.7658386230469,2916992,0.0,0.0,-0.04891031133763435,0.9713155504325386,307.1456726074219,335.11188978171737,279.1794554331264,293.6519083745626,307.69686058937464,300.6743844819686,330.3670818479215,321.6247863769531
2018-10-10 00:00:00+05:30,271.8580836179267,280.4833511421156,268.67547870373664,278.36163330078125,2137143,0.0,0.0,0.02427013899595787,0.9948895138504716,304.57653350830077,333.2065487386868,275.9465182779147,292.93699203777146,306.70518775725895,299.8210898975152,330.3670818479215,327.14599609375
2018-10-11 00:00:00+05:30,271.2123953568964,283.7582805004437,261.01887951337426,282.0516662597656,2424170,0.0,0.0,0.013256255595386346,1.0080780235352431,302.79151611328126,332.35972815307304,273.2233040734895,288.2092940468573,303.3381213012659,295.7737076740616,330.3670818479215,325.8005065917969
2018-10-12 00:00:00+05:30,283.7582294076566,297.0420938110025,282.69737041734106,290.5385437011719,4795317,0.0,0.0,0.030089797213216807,1.038410886838519,301.77677459716796,331.56595322855543,271.9875959657805,288.2092940468573,298.65647152151666,293.432882784187,330.3670818479215,327.0068664550781
2018-10-15 00:00:00+05:30,293.16761656596844,293.16761656596844,286.98694400970584,290.86138916015625,1358081,0.0,0.0,0.0011111966587002975,1.0395647655463318,300.4368530273438,329.6467556009909,271.22695045369665,284.74993947418426,297.13437464697324,290.9421570605788,330.3670818479215,328.5379638671875
2018-10-16 00:00:00+05:30,291.5071603067266,295.2893790930433,290.3540465396905,293.3521423339844,712867,0.0,0.0,0.008563368211298217,1.0484669414131969,299.1269195556641,327.1011844107313,271.1526547005968,280.7371022385429,297.13437464697324,288.93573844275807,330.3670818479215,334.2447814941406
2018-10-17 00:00:00+05:30,294.2746198244444,300.2708111374817,287.8171830257889,290.400146484375,2426967,0.0,0.0,-0.0100629769604631,1.0379162427379487,297.8331268310547,324.8835713705368,270.7826822915726,280.644845325428,297.13437464697324,288.88960998620064,330.3670818479215,338.6061096191406
2018-10-19 00:00:00+05:30,289.75444798568685,292.1067889311321,283.57374661408005,285.97222900390625,2184763,0.0,0.0,-0.015247642034874054,1.022090467406499,296.23722076416016,322.0932123779632,270.3812291503571,280.644845325428,296.28105813758003,288.462951731504,330.3670818479215,333.59521484375
2018-10-22 00:00:00+05:30,285.97213212060063,293.3520581108097,285.97213212060063,286.8023681640625,1387560,0.0,0.0,0.0029028663484136352,1.0250574594293678,294.70357513427734,318.9073063902766,270.4998438782781,280.644845325428,293.60585586301016,287.12535059421907,330.3670818479215,334.0592041015625
2018-10-23 00:00:00+05:30,284.1272070268306,293.5366257931402,283.2047160949253,287.40203857421875,1303467,0.0,0.0,0.0020908837468636143,1.0272007354108899,293.49280700683596,316.57591614739135,270.40969786628057,280.644845325428,293.60585586301016,287.12535059421907,330.3670818479215,331.0434265136719
2018-10-24 00:00:00+05:30,286.8946969959231,289.1086697345853,277.57753239552085,279.7453918457031,1983217,0.0,0.0,-0.026640892202782207,0.9998351913481898,292.14366455078124,315.12763005755926,269.1596990440032,280.644845325428,293.60585586301016,287.12535059421907,330.3670818479215,334.1983947753906
2018-10-25 00:00:00+05:30,276.7472968019464,283.66597922199503,272.2270965846194,274.4871826171875,4219123,0.0,0.0,-0.018796410528241547,0.9810418786310262,290.57081604003906,313.86854309600557,267.27308898407256,286.24895386105055,293.60585586301016,289.92740486203036,331.1050815614566,332.481689453125
2018-10-26 00:00:00+05:30,274.5794231091643,278.77677378433543,273.05731868611537,277.0701599121094,1191133,0.0,0.0,0.009410192746683643,0.9902736718015128,288.7558166503906,310.2317460121228,267.2798872886584,286.24895386105055,293.60585586301016,289.92740486203036,331.1050815614566,329.92987060546875
2018-10-29 00:00:00+05:30,277.7159002336251,281.8671096730048,274.5794365098653,279.9299011230469,1346603,0.0,0.0,0.010321361245991367,1.0004946441005704,287.22217712402346,306.4822929489046,267.9620612991423,286.24895386105055,293.60585586301016,289.92740486203036,333.7111127735088,325.986083984375
2018-10-30 00:00:00+05:30,281.3597286233513,289.84665628860324,279.7453695246927,288.509033203125,2404498,0.0,0.0,0.0306474301089652,1.0311572337800368,286.2858489990234,303.2197589212349,269.3519390768119,286.24895386105055,292.59108097893153,289.42001741999104,333.7111127735088,329.2802734375
2018-10-31 00:00:00+05:30,291.50717101375164,300.08632649473503,287.0792252465717,296.3963623046875,4112882,0.0,0.0,0.027338239686968135,1.0593472573920664,285.7346588134766,300.4277608785993,271.04155674835386,286.1567115396772,290.4001608130952,288.2784361763862,326.4925909378622,321.3000183105469
2018-11-01 00:00:00+05:30,299.5328318957181,300.22470012939885,292.9831403197692,295.1971130371094,4859483,0.0,0.0,-0.004046099818004301,1.055061032646729,285.4025604248047,298.86014504278455,271.9449758068248,286.2258983570091,290.4001608130952,288.31302958505216,326.4925909378622,332.8065185546875
2018-11-02 00:00:00+05:30,297.04208455874584,318.62836706083795,296.9498298337245,311.8480529785156,3203978,0.0,0.0,0.05640617474234255,1.1145729896180367,286.5095489501953,304.2241430349196,268.794954865471,295.4277318227287,290.4001608130952,292.91394631791195,326.4925909378622,345.8441162109375
2018-11-05 00:00:00+05:30,309.7724617847619,319.18188110122344,304.9755255496996,314.7077941894531,1672884,0.0,0.0,0.009170303241029076,1.1247939619170946,288.0570266723633,309.5828684780004,266.53118486672616,295.7044888429214,290.10038030729885,292.90243457511014,326.4925909378622,347.37518310546875
2018-11-06 00:00:00+05:30,315.8609113743158,315.8609113743158,307.1433883541382,309.0805969238281,1365772,0.0,0.0,-0.017880705116052664,1.1046818527677384,289.2239791870117,312.59355172692295,265.85440664710046,295.7044888429214,290.10038030729885,292.90243457511014,326.4925909378622,345.2873229980469
2018-11-07 00:00:00+05:30,310.7871856121268,315.0306494785865,308.57321303246613,313.32403564453125,144546,0.0,0.0,0.01372923037853746,1.1198482844193762,291.30188903808596,315.47804619164305,267.1257318845289,296.1195998936694,290.10038030729885,293.1099901004841,326.4925909378622,349.69500732421875
2018-11-09 00:00:00+05:30,314.33880879350824,317.33690454869213,309.63409905493535,314.06207275390625,1929946,0.0,0.0,0.0023555074792036557,1.1224860954288995,293.0869110107422,318.43419014685054,267.73963187463386,296.8806588055444,290.10038030729885,293.49051955642165,326.4925909378622,354.5667724609375
2018-11-12 00:00:00+05:30,315.31476475086697,323.8518447655155,313.50529435720404,314.66522216796875,1386925,2.0,0.0,0.0019204783588597785,1.1246418056832919,294.7175888061523,321.19878778066834,268.2363898316363,301.79860714510414,292.4353621394449,297.11698464227453,326.4925909378622,365.7948303222656
2018-11-13 00:00:00+05:30,312.7165180068164,317.95938571621804,311.7885758168852,313.3660888671875,1608732,0.0,0.0,-0.004128620544178729,1.1199985864195057,295.8589660644531,323.4772480475797,268.24068408132655,305.46553500604364,292.4353621394449,298.9504485727443,322.3414015108198,353.08203125
2018-11-14 00:00:00+05:30,314.7116167562689,324.7334103127415,312.94853209829853,322.7383117675781,2075090,0.0,0.0,0.0299082231082215,1.1534957540230328,297.4528121948242,327.34476389925806,267.5608604903904,308.85827531625534,292.8761449130579,300.8672101146566,319.2279980157613,350.9013366699219
2018-11-15 00:00:00+05:30,325.2437204688486,325.8004914172407,316.335470250215,321.5319519042969,1513692,0.0,0.0,-0.0037378886215095886,1.1491841153691105,298.86180267333987,330.47400557982564,267.2495997668541,311.37516062548264,293.40968546530746,302.39242304539505,318.81285874691343,343.8026428222656
2018-11-16 00:00:00+05:30,322.83109996276806,326.5428689265678,319.21213088677337,321.6247863769531,1595773,0.0,0.0,0.0002887254971284392,1.1495159141241125,300.42303466796875,333.2827871763398,267.5632821595977,315.7591972381337,293.780874219971,304.7700357290523,312.6552407147867,341.2507629394531
2018-11-19 00:00:00+05:30,323.8518127641127,329.4194657056161,322.27429976993454,327.14599609375,2669674,0.0,0.0,0.017166617594969402,1.1692492142412128,302.4817230224609,336.6107349213597,268.35271112356213,318.28142702987714,295.2191726094952,306.7502998196862,312.6552407147867,349.69500732421875
2018-11-20 00:00:00+05:30,327.56359107836744,328.6771330270163,324.2229935509691,325.8005065917969,1709189,0.0,0.0,-0.004112810543362211,1.1644403137450634,304.43162994384767,339.2116731718814,269.65158671581395,318.99633936904115,300.8232811451178,309.90981025707947,309.4034931533194,350.8549499511719
2018-11-21 00:00:00+05:30,327.5636375083211,328.4915798242087,324.8726104559575,327.0068664550781,485221,0.0,0.0,0.0037027562538223258,1.1687519523989858,306.4118713378906,341.5999661534061,271.2237765223751,319.52678238027573,300.8232811451178,310.1750317626968,309.4034931533194,346.4936218261719
2018-11-22 00:00:00+05:30,327.56363576810264,330.7186339616487,324.3158376797504,328.5379638671875,1840579,0.0,0.0,0.004682156765413614,1.174224232260001,308.8514999389648,343.0471394108904,274.65586046703925,321.25360488926697,301.47286527313406,311.3632350812005,309.4034931533194,345.472900390625
2018-11-26 00:00:00+05:30,330.718584251392,335.4510949896442,327.98117183665767,334.2447814941406,2519483,0.0,0.0,0.017370344540334814,1.1946209117419673,311.8393798828125,343.8526562596492,279.8261035059758,323.6198354032647,303.8390957871318,313.72946559519823,309.4034931533194,345.9832763671875
2018-11-27 00:00:00+05:30,336.6574252980069,341.0187650491848,333.9663985300361,338.6061096191406,2331514,0.0,0.0,0.013048305811998118,1.2102086907277845,314.9161773681641,344.6987601757207,285.1335945606075,326.9836485737417,306.6229308169021,316.8032896953219,309.4034931533194,350.8085021972656
2018-11-28 00:00:00+05:30,338.4669113053069,342.64265112949846,332.57447277857136,333.59521484375,1715699,0.0,0.0,-0.014798595279414184,1.1922993021100743,317.59944305419924,343.694358296229,291.5045278121695,329.48906068985673,307.43487385705896,318.46196727345784,309.4034931533194,351.5509338378906
2018-11-29 00:00:00+05:30,335.9150885687934,337.7245872517633,332.7136765354002,334.0592041015625,1874970,0.0,0.0,0.0013908750400686287,1.1939576414496704,319.87695159912107,343.19312569628886,296.5607775019533,330.92739100813594,307.43487385705896,319.18113243259745,309.4034931533194,358.92803955078125
2018-11-30 00:00:00+05:30,336.8430660811854,338.0493797838072,327.98122814944577,331.0434265136719,3014933,0.0,0.0,-0.009027673989709162,1.1831789811051407,321.6093048095703,342.7101259536712,300.5084836654694,332.4584754497165,307.43487385705896,319.94667465338773,309.4034931533194,354.3347473144531
2018-12-03 00:00:00+05:30,332.2033246069638,339.16289146325494,331.2753823594583,334.1983947753906,1852845,0.0,0.0,0.00953037580279048,1.1944551214370356,323.5593688964844,341.4720183089185,305.64671948405027,333.43282234023377,307.43487385705896,320.43384809864637,309.4034931533194,356.0978088378906
2018-12-04 00:00:00+05:30,334.61597357178823,337.4926001465215,329.8834625383301,332.481689453125,1876924,0.0,0.0,-0.005136785062715199,1.1883194622111541,324.59105072021487,342.0531098818231,307.12899155860663,333.4792444046244,307.8499849078069,320.6646146562157,309.4034931533194,359.2064208984375
2018-12-05 00:00:00+05:30,332.20334054837394,333.0384829474948,327.28525772801135,329.92987060546875,1211028,0.0,0.0,-0.007675065811454274,1.1791990321336516,325.35215454101564,342.34022143658456,308.3640876454467,333.4792444046244,308.61104381968187,321.04514411215314,309.4034931533194,353.9635925292969
2018-12-06 00:00:00+05:30,327.00682606949937,328.8627104720715,324.4549850159627,325.986083984375,2844318,0.0,0.0,-0.011953408807321209,1.1651035840373607,326.19742889404296,341.4373113625696,310.95754642551634,333.54881807273057,311.1940103270956,322.3714141999131,309.4034931533194,354.5667724609375
2018-12-07 00:00:00+05:30,325.98606185542667,332.1568997299222,325.98606185542667,329.2802734375,979854,0.0,0.0,0.010105306989984575,1.1768773134291894,326.99524078369143,341.06982871017476,312.9206528572081,333.54881807273057,314.8609381880351,324.20487813038284,309.4034931533194,353.9635925292969
2018-12-10 00:00:00+05:30,325.70774419350744,329.04834210535626,319.62973351389815,321.3000183105469,895180,0.0,0.0,-0.024235448554642436,1.1483551638444505,327.3571380615234,340.4071551827805,314.3071209402663,331.13619232169833,317.8128957246338,324.47454402316606,309.4034931533194,352.9892883300781
2018-12-11 00:00:00+05:30,321.99599582820065,339.02374363441123,321.8568101392478,332.8065185546875,2190376,0.0,0.0,0.035812323648918065,1.1894804306359543,328.2642028808594,340.1136916052105,316.4147141565083,329.39631248857654,319.79624048161145,324.596276485094,309.4034931533194,352.8036804199219
2018-12-12 00:00:00+05:30,333.1312950179298,347.607200966542,330.6258394104297,345.8441162109375,2146000,0.0,0.0,0.03917470641161014,1.2360779772884734,329.8881042480469,342.0271856642754,317.74902283181837,333.61846724022007,326.2913632581208,329.9549152491704,309.4034931533194,352.014892578125
2018-12-13 00:00:00+05:30,346.4936266503084,350.48379527226376,343.52422847431217,347.37518310546875,2718867,0.0,0.0,0.004427043349199078,1.2415501480769198,331.1199478149414,345.00210852691737,317.2377871029654,335.0567643930809,328.813591813201,331.93517810314097,309.4034931533194,351.69012451171875
2018-12-14 00:00:00+05:30,346.12246537411346,348.67430660676445,343.6634240318145,345.2873229980469,1077113,0.0,0.0,-0.006010389368511615,1.2340879482664442,332.3077163696289,346.76470720163127,317.85072553762654,335.0567643930809,329.5285041523649,332.2926342727229,309.4034931533194,348.4887084960937
2018-12-17 00:00:00+05:30,347.3751519330783,353.7779471489165,343.89536884636766,349.69500732421875,1440922,0.0,0.0,0.012765265425620065,1.2498414084846243,333.7112274169922,349.1737490278695,318.24870580611486,336.7038403314073,331.7060231019259,334.2049317166666,309.4034931533194,349.4166259765625
2018-12-18 00:00:00+05:30,348.90631854424845,356.28347144727263,347.5607908288242,354.5667724609375,1358797,0.0,0.0,0.013931468950604486,1.2672535352601078,335.08226623535154,352.7094191404768,317.45511333022625,337.9566024805854,334.0360236320789,335.99631305633216,309.4034931533194,347.0039978027344
2018-12-19 00:00:00+05:30,355.4018662481635,366.5371727624663,353.36038205978844,365.7948303222656,2437280,0.0,0.0,0.03166697709262967,1.3073836239317436,337.081982421875,358.7116999221539,315.4522649215961,343.0834531381822,339.16287428967576,341.123163713929,309.4034931533194,343.245849609375
2018-12-20 00:00:00+05:30,364.6349237576108,368.0219073555629,352.1540889865309,353.08203125,2589922,0.0,0.0,-0.03475390579212301,1.2619469366314553,338.38574066162107,360.57150375558234,316.1999775676598,343.82582043473053,340.4852197269307,342.1555200808306,308.7116449656177,338.83807373046875
2018-12-21 00:00:00+05:30,352.61803540071406,358.0465029251979,347.7463388589936,350.9013366699219,1701786,0.0,0.0,-0.006176169804954168,1.2541529380659777,339.5039093017578,361.8470300299842,317.1607885735314,344.9393587474053,342.1786888028889,343.5590237751471,305.78273349958965,339.1628723144531
2018-12-24 00:00:00+05:30,351.6901528465281,356.7010359041136,342.2715435989135,343.8026428222656,1478480,0.0,0.0,-0.02022988545732929,1.22878156778293,339.98180236816404,362.26263617378055,317.70096856254753,349.32387338299634,343.61701912116814,346.47044625208224,304.44511302790727,339.5340881347656
2018-12-26 00:00:00+05:30,342.4106907536593,343.43143289387075,334.66236729105213,341.2507629394531,1225256,0.0,0.0,-0.0074225138639546495,1.2196609195602892,340.11403503417966,362.39200117874174,317.8360688896176,351.3421373233075,343.82582043473053,347.583978879019,304.44511302790727,340.32281494140625
2018-12-27 00:00:00+05:30,343.33859788878453,351.6900772968901,342.1322844128104,349.69500732421875,1841056,0.0,0.0,0.02474498316730167,1.2498414084846243,340.9190246582031,363.3612908131231,318.4767585032831,351.3421373233075,343.82582043473053,347.583978879019,303.45344019579164,349.3238525390625
2018-12-28 00:00:00+05:30,348.210309029014,354.1491334193634,343.47779816597586,350.8549499511719,1452608,0.0,0.0,0.003317012261137897,1.2539871477610456,341.7588119506836,364.3696428076258,319.1479810937414,351.3421373233075,343.82582043473053,347.583978879019,303.3381213012659,341.2507629394531
2018-12-31 00:00:00+05:30,351.5045041872219,351.5045041872219,344.63773737255707,346.4936218261719,842223,0.0,0.0,-0.012430573163089043,1.2383993687752286,342.5313217163086,364.67074204735593,320.39190138526124,351.3421373233075,343.82582043473053,347.583978879019,298.65647152151666,337.3070373535156
2019-01-01 00:00:00+05:30,348.349527129613,349.74144055313457,342.41070218629807,345.472900390625,877238,0.0,0.0,-0.002945859234485315,1.2347512185587413,343.0950469970703,364.92573246924235,321.2643615248983,351.3421373233075,343.82582043473053,347.583978879019,297.13437464697324,338.65252685546875
2019-01-02 00:00:00+05:30,346.4936332813844,350.4373878756979,342.6426785765296,345.9832763671875,1160137,0.0,0.0,0.0014773256483660013,1.2365753482032693,343.77012634277344,365.06912350612544,322.47112917942144,351.3421373233075,343.82582043473053,347.583978879019,298.2349872515092,341.9003601074219
2019-01-03 00:00:00+05:30,346.53999116022663,353.91711391918847,346.53999116022663,350.8085021972656,2388605,0.0,0.0,0.013946413482012199,1.2538211393109753,344.8140579223633,365.3208046533848,324.3073111913418,346.354435108125,343.82582043473053,345.0901277714278,301.01882228127954,338.4669494628906
2019-01-04 00:00:00+05:30,352.98923302563463,355.58748836673914,348.071150333461,351.5509338378906,2011585,0.0,0.0,0.0021163444898708583,1.2564746567704397,346.09230041503906,364.83853457672154,327.3460662533566,345.6817015975829,343.82582043473053,344.7537610161567,301.8307653214364,336.2398681640625
2019-01-07 00:00:00+05:30,353.36038622795496,363.0110079756933,352.6644295626017,358.92803955078125,3660860,0.0,0.0,0.02098445773519808,1.2828410961007866,347.57468872070314,365.42684392499325,329.722533516413,348.8366876333727,343.82582043473053,346.33125403405165,301.8307653214364,334.8840026855469
2019-01-08 00:00:00+05:30,356.46900312281093,363.1965843116754,352.8500340780283,354.3347473144531,2451013,0.0,0.0,-0.012797251064800896,1.2664242565177404,349.22642517089844,362.5427157889767,335.9101345528202,352.6644343622429,343.82582043473053,348.2451273984867,301.8307653214364,322.5883178710937
2019-01-09 00:00:00+05:30,356.32979438110755,357.90730740240133,351.22611243033646,356.0978088378906,1277868,0.0,0.0,0.00497569469773973,1.2727255969759848,350.39098968505857,361.65477895843145,339.1272004116857,352.80364324898676,343.82582043473053,348.31473184185865,301.8307653214364,317.25860595703125
2019-01-10 00:00:00+05:30,357.3505365520943,360.83031970148784,356.1441947358426,359.2064208984375,1236628,0.0,0.0,0.008729657929352763,1.2838360560755164,351.0591049194336,362.7467191663695,339.3714906724977,352.80364324898676,343.82582043473053,348.31473184185865,301.8307653214364,316.55731201171875
2019-01-11 00:00:00+05:30,359.2528465116902,361.8974876621624,352.66445068797657,353.9635925292969,1498377,0.0,0.0,-0.014595586448670428,1.2650977159331462,351.388525390625,363.0127764922116,339.7642742890384,352.80364324898676,343.82582043473053,348.31473184185865,301.8307653214364,312.9574279785156
2019-01-14 00:00:00+05:30,354.4739725635715,355.95868596576827,348.4423473759715,354.5667724609375,1027469,0.0,0.0,0.0017040733690447674,1.2672535352601073,351.85249786376954,363.2001247533178,340.50487097422126,352.9196314441025,343.82582043473053,348.3727259394165,301.8307653214364,311.4145812988281
2019-01-15 00:00:00+05:30,355.49469162108045,357.3505761731941,352.33969354619745,353.9635925292969,911485,0.0,0.0,-0.0017011744429804576,1.2650977159331462,352.06592712402346,363.4036689876212,340.72818526042573,354.868287735951,343.82582043473053,349.3470540853408,301.8307653214364,314.874267578125
2019-01-16 00:00:00+05:30,355.4947441732289,357.16502918962607,350.7622322020302,352.9892883300781,884665,0.0,0.0,-0.002752554838357013,1.26161546509416,351.98705291748047,363.2754133190992,340.69869251586175,355.6338673225682,344.9393587474053,350.2866130349868,301.8307653214364,317.5858154296875
2019-01-17 00:00:00+05:30,352.9892518922795,355.77307884461385,350.9477957850323,352.8036804199219,986391,0.0,0.0,-0.0005258174009594718,1.260952085729294,351.3374954223633,360.68133640364056,341.99365444108605,355.8194658438234,349.32387338299634,352.5716696134099,301.8307653214364,317.9598999023437
2019-01-18 00:00:00+05:30,354.5667337248619,355.0307048424504,348.2103237501891,352.014892578125,1112430,0.0,0.0,-0.0022357698787552893,1.2581328870374668,351.28413848876954,360.5993564314057,341.9689205461334,355.7034540309322,351.3421373233075,353.52279567711986,304.3130402399581,319.2221374511719
2019-01-21 00:00:00+05:30,352.6180667927523,355.77306488455616,349.64864016602445,351.69012451171875,508883,0.0,0.0,-0.0009225975186096802,1.2569721367578048,351.3235778808594,360.6386566710081,342.00849909071064,355.0539057061758,351.3421373233075,353.19802151474164,305.751337392819,317.25860595703125
2019-01-22 00:00:00+05:30,350.57657860554093,352.57167714274226,343.8489971417666,348.4887084960937,1143741,0.0,0.0,-0.009102945441160304,1.24552998797584,351.55788116455074,360.3178383628457,342.7979239662558,352.8732424019645,351.3421373233075,352.107689862636,305.751337392819,317.632568359375
2019-01-23 00:00:00+05:30,348.9062690912156,350.9941390525327,347.97832688618576,349.4166259765625,720808,0.0,0.0,0.0026626902331305935,1.2488464485098945,351.96617431640624,359.41666630422657,344.5156823285859,352.8732424019645,351.3421373233075,352.107689862636,307.3984133311454,313.09765625
2019-01-24 00:00:00+05:30,349.4166248733556,350.34456707545564,343.013829342575,347.0039978027344,904818,0.0,0.0,-0.00690473204325992,1.2402234984197569,351.83162384033204,359.53696225776997,344.1262854228941,350.1822027578845,351.3421373233075,350.762170040596,308.65117548032345,313.845703125
2019-01-25 00:00:00+05:30,348.7207034917885,348.95268906577684,341.250779336786,343.245849609375,1340306,0.0,0.0,-0.010830273475684327,1.226791538760901,351.4511688232422,360.0242985210269,342.8780391254575,349.30067775499003,351.3421373233075,350.32140753914877,313.7780261379203,314.9677734375
2019-01-28 00:00:00+05:30,342.4106567067007,344.4521407841325,336.33264689203594,338.83807373046875,1317448,0.0,0.0,-0.012841454263532781,1.211037751325014,351.06839141845705,361.07354780114684,341.06323503576726,346.748838040831,348.92947580136376,347.83915692109736,314.5203934344686,315.8559875488281
2019-01-29 00:00:00+05:30,337.4461735897811,341.2507422534614,332.2033058510923,339.1628723144531,1136235,0.0,0.0,0.0009585657845603279,1.2121986106772449,350.7528900146484,361.79955428792647,339.70622574137036,343.9881923478531,347.6999450813838,345.84406871461846,314.5203934344686,312.817138671875
2019-01-30 00:00:00+05:30,340.9260016102991,343.4778429821106,335.5439474989904,339.5340881347656,1786445,0.0,0.0,0.0010945060636482484,1.2135253694069772,350.43043060302733,362.36594651019584,338.4949146958588,343.98818536782426,347.6999450813838,345.84406522460404,314.5203934344686,325.2064208984375
2019-01-31 00:00:00+05:30,340.6011862846951,344.6377406736814,336.054274993496,340.32281494140625,3594106,0.0,0.0,0.002322967955805222,1.2163443499536664,349.90614624023436,362.6329907215492,337.1793017589195,343.98818536782426,347.6999450813838,345.84406522460404,314.5203934344686,328.1050109863281
2019-02-01 00:00:00+05:30,341.0187585211285,351.6900938217897,340.87957285482963,349.3238525390625,2559709,0.0,0.0,0.02644852828690314,1.2485148679000306,349.79479217529297,362.5008535493333,337.0887308012526,342.3874914969173,347.6999450813838,345.04371828915055,314.5203934344686,320.624755859375
2019-02-04 00:00:00+05:30,349.8342287645788,356.93298132381045,335.9150949941048,341.2507629394531,2084615,0.0,0.0,-0.02311061652655577,1.2196609195602897,348.9109283447266,361.40808666511356,336.4137700243396,344.56814358745135,347.6999450813838,346.1340443344176,320.12450197009116,323.9908447265625
2019-02-05 00:00:00+05:30,340.5548355123527,342.8746913400936,332.48172590439367,337.3070373535156,2212876,0.0,0.0,-0.011556679176237372,1.2055656896091367,348.0595428466797,361.2703223247335,334.84876336862584,344.56814358745135,347.6999450813838,346.1340443344176,320.12450197009116,316.6508178710937
2019-02-06 00:00:00+05:30,342.36429576110567,342.36429576110567,334.9871437337325,338.65252685546875,1975403,0.0,0.0,0.00398891618897057,1.210374590105286,347.1872787475586,360.46417316961447,333.9103843255027,344.56814358745135,347.6999450813838,346.1340443344176,320.12450197009116,318.8949279785156
2019-02-07 00:00:00+05:30,341.38997483883355,343.75624475271974,335.7295210069646,341.9003601074219,1102826,0.0,0.0,0.009590459230027326,1.2219826382647518,346.3219757080078,358.5568191927688,334.08713222324684,344.56814358745135,347.6999450813838,346.1340443344176,320.12450197009116,318.1468505859375
2019-02-08 00:00:00+05:30,340.5548196103656,345.19453104919893,337.0286502442728,338.4669494628906,1243996,0.0,0.0,-0.010042138134784384,1.209711319812989,345.5471435546875,357.70988636948135,333.3844007398937,344.56814358745135,347.6999450813838,346.1340443344176,320.12450197009116,316.8378295898437
2019-02-11 00:00:00+05:30,338.83809504555967,340.4156081426788,332.99207040291657,336.2398681640625,363715,0.0,0.0,-0.006579907735045465,1.2017515309425795,344.63079833984375,356.6973912785277,332.5642054011598,344.7073536141021,347.6999450813838,346.20364934774295,320.12450197009116,317.5858154296875
2019-02-12 00:00:00+05:30,338.29688719389003,339.2786946508816,331.23735857341165,334.8840026855469,1274113,2.75,0.0,-0.004032435195501671,1.1969055457729585,343.67681884765625,355.656785296198,331.6968523991145,344.08516994861105,347.2169714425435,345.6510706955773,320.12450197009116,312.5834045410156
2019-02-14 00:00:00+05:30,325.3934336786685,327.4972705343495,320.8117502333191,322.5883178710937,1158991,0.0,0.0,-0.036716250151843544,1.1529596623462297,342.15677032470705,356.5289873837973,327.7845532656168,338.8723657785648,341.35461894774073,340.1134923631528,320.12450197009116,316.13653564453125
2019-02-15 00:00:00+05:30,324.45841505382805,324.45841505382805,310.99386405544726,317.25860595703125,1386168,0.0,0.0,-0.01652171395801194,1.1339107925998193,340.3795166015625,357.5902477895621,323.1687854135629,333.9634226896288,336.44567585880486,335.20454927421684,320.12450197009116,315.10797119140625
2019-02-18 00:00:00+05:30,317.25859097367214,317.5858601962732,303.18627121785283,316.55731201171875,1913033,0.0,0.0,-0.00221048044763672,1.131404304963413,338.6066375732422,357.864582168548,319.3486929779364,324.1904011335259,332.5418794400076,328.3661402867667,320.53961302083917,315.66900634765625
2019-02-19 00:00:00+05:30,315.9495343501465,317.2118421556515,311.83537025470827,312.9574279785156,870293,0.0,0.0,-0.01137198193377964,1.1185379956475685,336.67000274658204,357.9798236797071,315.36018181345696,324.1904011335259,330.26842369552344,327.22941241452463,321.30067193271407,325.3934326171875
2019-02-20 00:00:00+05:30,313.2846584206589,316.97807215031963,309.68478278922447,311.4145812988281,1899200,0.0,0.0,-0.0049298931476181584,1.113023722847475,334.81629638671876,358.0742990118258,311.5582937616117,324.1904011335259,330.26842369552344,327.22941241452463,323.8836384401278,323.94415283203125
2019-02-21 00:00:00+05:30,313.1444403565674,316.69760437235624,309.5913048758937,314.874267578125,2342156,0.0,0.0,0.011109583452603378,1.1253889527811765,333.08917846679685,356.88370069206695,309.29465624152675,324.1904011335259,330.17565020373945,327.1830256686327,327.5505663010673,331.8451538085937
2019-02-22 00:00:00+05:30,315.10796915374976,320.71820005856426,313.9391710485801,317.5858154296875,2645863,0.0,0.0,0.008611525712845847,1.1350802686850041,331.6182693481445,355.42748991355273,307.8090487827363,321.80093968026586,330.05962627083164,325.9302829755487,330.50252383766605,331.7984619140625
2019-02-25 00:00:00+05:30,318.84819808524963,321.60657367628016,313.33147543830535,317.9598999023437,1400061,0.0,0.0,0.0011779004429088857,1.1364172802362253,330.35397186279295,354.2453450603189,306.46259866526697,321.2324829343672,330.05962627083164,325.6460546025994,332.4858685946437,333.5750427246094
2019-02-26 00:00:00+05:30,315.855993151972,321.9805124338061,311.46132933325055,319.2221374511719,2639580,0.0,0.0,0.003969801063643086,1.1409286307640496,329.3731750488281,353.4025114273467,305.3438386703095,315.3417708761012,330.05962627083164,322.7006985734664,336.49871645263124,336.006103515625
2019-02-27 00:00:00+05:30,321.092270170454,323.7103955397962,312.3496529915194,317.25860595703125,1340797,0.0,0.0,-0.006150987866375579,1.1339107925998195,328.27796173095703,352.42035045402076,304.1355730078933,313.82234313584047,330.05962627083164,321.9409847033361,337.58264785485056,332.8737487792969
2019-02-28 00:00:00+05:30,319.2221165806916,320.57793372794293,314.5936934401159,317.632568359375,2406609,0.0,0.0,0.001178730522425564,1.1352473678607646,327.1828857421875,351.1683224264211,303.1974490579539,313.4483333788245,330.05962627083164,321.7539798248281,338.2975601940145,336.0528869628906
2019-03-01 00:00:00+05:30,319.7831760062667,320.5311954132895,309.40424265693576,313.09765625,1822470,0.0,0.0,-0.014277226459486148,1.1190391841022809,325.8216278076172,349.7592859146733,301.88396970056107,316.55731909836595,330.05962627083164,323.30847268459877,338.82800320524916,335.16461181640625
2019-03-05 00:00:00+05:30,314.0794627770423,315.1080109530513,310.52632748004453,313.845703125,2441292,0.0,0.0,0.002389180691926729,1.1217127709144474,324.04772033691404,345.9018958165878,302.1935448572403,316.55731909836595,330.05962627083164,323.30847268459877,339.90524158622407,336.7073974609375
2019-03-06 00:00:00+05:30,314.9677734375,318.7079280194264,311.36786894537283,314.9677734375,1505810,0.0,0.0,0.003575229169389349,1.1257231511326973,322.7335708618164,343.4085341703444,302.0586075532884,316.55731909836595,330.05962627083164,323.30847268459877,339.90524158622407,337.6424255371094
2019-03-07 00:00:00+05:30,315.06122766786206,317.5390739361261,313.47165083571014,315.8559875488281,1253611,0.0,0.0,0.002820015843634893,1.128897708254438,321.66101837158203,341.3948435189543,301.92719322420976,316.55731909836595,330.05962627083164,323.30847268459877,340.4852197269307,340.35406494140625
2019-03-08 00:00:00+05:30,315.107994556733,315.15473507066383,310.5730518360602,312.817138671875,1399038,0.0,0.0,-0.009620995000081622,1.1180365890477184,320.36924896240237,338.81147777455357,301.92702015025117,316.55731909836595,330.05962627083164,323.30847268459877,342.1786888028889,342.317626953125
2019-03-11 00:00:00+05:30,315.48202494919286,325.81421883004555,312.676909086808,325.2064208984375,2776482,0.0,0.0,0.03960550972099419,1.162316998043675,319.5345520019531,335.29197977520715,303.77712422869905,317.6092307434907,330.05962627083164,323.8344285071612,343.61701912116814,340.6813049316406
2019-03-12 00:00:00+05:30,328.5725302463643,330.06859758550206,325.90766475713616,328.1050109863281,1698262,0.0,0.0,0.008913077668893488,1.1726768197231134,319.016455078125,332.78564293790646,305.2472672183435,319.7364201212189,330.05962627083164,324.8980231960253,343.82582043473053,339.5124816894531
2019-03-13 00:00:00+05:30,328.61935364942286,328.85311331810647,316.7443510662507,320.624755859375,2055660,0.0,0.0,-0.022798356856746804,1.1459417151094309,318.23569946289064,329.53480665301566,306.9365922727656,319.7364201212189,330.05962627083164,324.8980231960253,343.82582043473053,339.3255310058594
2019-03-14 00:00:00+05:30,320.6247003730306,325.8609217524012,317.5858252060426,323.9908447265625,1462370,0.0,0.0,0.010498530776780868,1.1579724194739043,317.69104156494143,326.4732414561296,308.9088416737533,319.7364201212189,324.1904011335259,321.96341062737235,343.82582043473053,333.29449462890625
2019-03-15 00:00:00+05:30,324.87917471602856,325.29992496720354,315.06126936368776,316.6508178710937,1988067,0.0,0.0,-0.022655044038863315,1.1317385033149339,317.39416656494143,325.8877079247167,308.90062520516614,320.2974625327733,324.1904011335259,322.2439318331496,343.82582043473053,335.5853271484375
2019-03-18 00:00:00+05:30,316.6508408705787,319.7364856122183,314.1729940944167,318.8949279785156,1559631,0.0,0.0,0.007087018194077421,1.1397591546788648,317.4759826660156,325.9944830576866,308.95748227434467,320.32082471078115,324.1904011335259,322.25561292215355,343.82582043473053,336.0528869628906
2019-03-19 00:00:00+05:30,319.2689082033708,322.35452384864647,315.9027638861815,318.1468505859375,1840569,0.0,0.0,-0.0023458428684338672,1.1370854587941293,317.5554595947266,326.0677839058124,309.04313528364077,320.32082471078115,324.1904011335259,322.25561292215355,343.82582043473053,332.12567138671875
2019-03-20 00:00:00+05:30,319.68968585424807,322.4948016035426,315.5287812805289,316.8378295898437,1830509,0.0,0.0,-0.00411451816569286,1.1324069000179755,317.74947967529295,326.00398748410464,309.49497186648125,320.32082471078115,321.80093968026586,321.0608821955235,343.82582043473053,332.92047119140625
2019-03-22 00:00:00+05:30,316.27676725891945,321.8402576535712,316.0430076378855,317.5858154296875,1718938,0.0,0.0,0.0023607845086304202,1.1350802686850041,318.05804138183595,325.78094571721715,310.33513704645475,321.37275333615503,321.2324829343672,321.3026181352611,343.82582043473053,317.53912353515625
2019-03-25 00:00:00+05:30,316.79107840221144,316.9780975434216,309.0302691389405,312.5834045410156,1741857,0.0,0.0,-0.015751367490716484,1.1172012022414854,317.9434982299805,325.9185011526606,309.9684953073004,319.5494333622213,316.6274344016774,318.08843388194936,343.82582043473053,336.0528869628906
2019-03-26 00:00:00+05:30,312.30287192880206,316.978064622347,309.1704871171046,316.13653564453125,1157761,0.0,0.0,0.011366985744917901,1.1299004123815695,317.8710342407227,325.8843819608665,309.85768652057885,318.9416912285235,316.6274344016774,317.78456281510046,343.82582043473053,332.0789489746094
2019-03-27 00:00:00+05:30,316.4170193706393,320.25068288740846,313.14438465500155,315.10797119140625,2083168,0.0,0.0,-0.0032535450261323984,1.1262242305148404,317.72843780517576,325.8323589950992,309.62451661525233,317.44559544567085,316.6274344016774,317.03651492367413,339.5078857055051,332.5464782714844
2019-03-28 00:00:00+05:30,314.546948722804,318.84813157125654,312.34960251961627,315.66900634765625,2680016,0.0,0.0,0.0017804537096561823,1.1282294206239654,317.55078125,325.67188549337027,309.42967700662973,317.16509705307203,319.5494333622213,318.35726520764666,335.6040892867079,333.94903564453125
2019-04-01 00:00:00+05:30,324.7856632345517,336.61389581088366,323.850624635077,325.3934326171875,1521558,0.0,0.0,0.03080576830156523,1.1629853947467164,317.9575225830078,326.77240657980724,309.14263858620836,322.8220824749121,322.8220824749121,322.8220824749121,335.6040892867079,328.5725402832031
2019-04-02 00:00:00+05:30,327.17001906467,327.17001906467,322.07407552553406,323.94415283203125,1512017,0.0,0.0,-0.004453930657110972,1.1578055384432817,318.2731018066406,327.4668239124358,309.07937970084544,322.8220824749121,322.8220824749121,322.8220824749121,335.6040892867079,329.9751281738281
2019-04-03 00:00:00+05:30,336.6138558062037,336.6138558062037,329.7880862552886,331.8451538085937,5552671,0.0,0.0,0.02439000953556092,1.1860444265662387,319.2104766845703,329.83116835198706,308.5897850171536,322.8220824749121,322.8220824749121,322.8220824749121,335.6040892867079,331.9854431152344
2019-04-04 00:00:00+05:30,333.20101985209425,335.1178376200252,330.7699137191497,331.7984619140625,1515780,0.0,0.0,-0.00014070386141040725,1.1858775455356165,320.1081146240234,331.7597252974835,308.45650395056333,322.8220824749121,322.8220824749121,322.8220824749121,335.6040892867079,329.22705078125
2019-04-05 00:00:00+05:30,331.9387250658341,334.2763217212273,327.63754151288754,333.5750427246094,1433076,0.0,0.0,0.005354397366094554,1.1922272051419431,321.0384780883789,333.8285546578006,308.24840151895717,322.8220824749121,322.8220824749121,322.8220824749121,335.6040892867079,337.0346374511719
2019-04-08 00:00:00+05:30,334.7437957853896,337.45540183193606,332.9204592267039,336.006103515625,982984,0.0,0.0,0.0072878977130872435,1.2009160350637775,322.0459838867188,336.165026354584,307.9269414188536,323.31294447452035,323.24283548543826,323.2778899799793,335.6040892867079,339.8397827148437
2019-04-09 00:00:00+05:30,336.61390325996314,336.61390325996314,331.09718110800327,332.8737487792969,1872390,0.0,0.0,-0.009322314992359804,1.189720717505537,323.04881439208987,337.2532025220816,308.8444262620981,324.90250217577614,323.24283548543826,324.0726688306072,335.6040892867079,337.87615966796875
2019-04-10 00:00:00+05:30,334.74383855266865,338.9515125009564,333.2477709973655,336.0528869628906,1602144,0.0,0.0,0.009550582451311351,1.201083243312107,323.5911376953125,338.8824912202953,308.2997841703297,325.6505575102864,323.9908908199485,324.82072416511744,335.6040892867079,340.2137756347656
2019-04-11 00:00:00+05:30,336.5204007229101,336.6139102939036,333.34127505493507,335.16461181640625,477415,0.0,0.0,-0.0026432599776547994,1.1979084680452283,323.9441177368164,339.9530017187413,307.9352337548915,330.51279401324524,323.9908908199485,327.2518424165969,335.6040892867079,337.31512451171875
2019-04-12 00:00:00+05:30,333.80877216369794,340.3540422061234,333.6217530341549,336.7073974609375,1169374,0.0,0.0,0.0046030684330611304,1.203422522700184,324.74824981689454,341.6117817891824,307.8847178446067,331.21405886582875,324.69215567253195,327.95310726918035,335.6040892867079,339.55926513671875
2019-04-15 00:00:00+05:30,337.54891597524625,339.652752709164,331.33091533535617,337.6424255371094,2102597,0.0,0.0,0.0027769751517869867,1.2067643971428232,325.4308288574219,343.2070668799125,307.6545908349313,333.99579185950546,324.69215567253195,329.34397376601873,335.6040892867079,341.756591796875
2019-04-16 00:00:00+05:30,338.4839876615084,344.42148873220697,337.54894902155945,340.35406494140625,1295496,0.0,0.0,0.008031097987710734,1.2164560402643578,326.6159912109375,345.04847306252674,308.1835093593483,336.02951512254725,326.72587893557375,331.3776970290605,333.1914277647641,343.5331726074219
2019-04-18 00:00:00+05:30,338.71772274351434,344.46820425491177,338.71772274351434,342.317626953125,1782666,0.0,0.0,0.00576917455666881,1.223473987501157,327.787126159668,347.0745489900892,308.49970332924676,336.0528728838997,326.7492366969261,331.4010547904129,333.1914277647641,343.0656433105469
2019-04-22 00:00:00+05:30,342.2241128481138,342.6448916140211,338.57746817232845,340.6813049316406,599607,0.0,0.0,-0.004780127848071469,1.2176256254221118,328.9138488769531,348.45090602028637,309.3767917336199,337.78269268145755,326.7492366969261,332.26596468919183,333.1914277647641,340.821533203125
2019-04-23 00:00:00+05:30,341.2890491148096,345.3097032108852,337.59563566239973,339.5124816894531,1567850,0.0,0.0,-0.003430840569376259,1.2134481460281015,330.0475814819336,349.2758348613841,310.8193281024831,338.2034421594442,327.1699861749129,332.68671416717854,333.1914277647641,347.7876281738281
2019-04-24 00:00:00+05:30,339.88655992045415,341.4761370892867,333.6685584102256,339.3255310058594,998259,0.0,0.0,-0.0005506445084535461,1.212779967470198,331.1345672607422,349.86831324500235,312.400821276482,338.32030927312064,327.1699861749129,332.74514772401676,333.1914277647641,352.9303283691406
2019-04-25 00:00:00+05:30,340.35402409933977,341.14881255494566,332.40619661350354,333.29449462890625,2450422,0.0,0.0,-0.01777360035089426,1.1912245010148121,332.17012176513674,348.8427770341939,315.4974664960796,338.32030927312064,327.1699861749129,332.74514772401676,333.1914277647641,352.18231201171875
2019-04-26 00:00:00+05:30,332.87372108259603,336.8476348876551,332.07893261456184,335.5853271484375,956639,0.0,0.0,0.006873298408609729,1.1994121424819342,333.142561340332,348.1270097752,318.158112905464,338.32030927312064,327.1699861749129,332.74514772401676,333.1914277647641,350.4991760253906
2019-04-30 00:00:00+05:30,335.5853676353032,342.69166712165656,332.4997514872716,336.0528869628906,1664625,0.0,0.0,0.0013932665603293426,1.2010832433121073,334.18980712890624,346.6818010433835,321.697813214429,338.32030927312064,327.1699861749129,332.74514772401676,333.1914277647641,349.5641784667969
2019-05-02 00:00:00+05:30,336.8008636723701,339.41895993829127,330.863363762571,332.12567138671875,504501,0.0,0.0,-0.011686302152213113,1.1870470216208018,335.01264038085935,344.2223341872833,325.8029465744354,338.08653348672806,327.1699861749129,332.62825983082047,333.1914277647641,352.883544921875
2019-05-03 00:00:00+05:30,331.93869210766803,333.94901932467786,327.684278031319,332.92047119140625,897440,0.0,0.0,0.002393069470869147,1.1898877076087286,335.3889923095703,343.53897947923707,327.23900513990355,336.4969906211021,327.1699861749129,331.8334883980075,333.1914277647641,352.416015625
2019-05-06 00:00:00+05:30,332.68673217620704,332.7802417459591,315.62227722814043,317.53912353515625,2366260,0.0,0.0,-0.04620126723119644,1.134913387654382,335.06874084472656,345.2640862151884,324.8733954742647,330.46599021951283,327.1699861749129,328.81798819721286,333.1914277647641,351.4342346191406
2019-05-07 00:00:00+05:30,328.85310643911185,343.4864556855784,328.245308485156,336.0528869628906,18534665,0.0,0.0,0.05830388149221122,1.201083243312107,335.2791275024414,345.37174131168393,325.18651369319883,330.46599021951283,327.24009516399485,328.85304269175384,333.1914277647641,352.5562744140625
2019-05-08 00:00:00+05:30,336.05286297544546,336.52038226966147,323.6168611633449,332.0789489746094,5316216,0.0,0.0,-0.011825335066144138,1.1868800315176102,335.29315185546875,345.3669384950991,325.2193652158384,329.5543664568594,328.82965286525075,329.19200966105507,332.5418794400076,345.07598876953125
2019-05-09 00:00:00+05:30,332.0322184464236,334.22956490235543,327.40376588042074,332.5464782714844,1523568,0.0,0.0,0.0014078859810855437,1.1885510232752143,335.2417236328125,345.3609627400962,325.1224845255288,329.5543664568594,328.82965286525075,329.19200966105507,332.5418794400076,343.0189208984375
2019-05-10 00:00:00+05:30,330.53615040676004,335.3515935670493,330.53615040676004,333.94903564453125,715946,0.0,0.0,0.004217628105211313,1.1935638894754574,335.1388702392578,345.2668490187498,325.01089145976584,329.5543664568594,330.46599021951283,330.0101783381861,332.5418794400076,341.3358154296875
2019-05-13 00:00:00+05:30,332.3126944777418,333.0607424377167,325.06614572582305,328.5725402832031,2160599,0.0,0.0,-0.016099748127588742,1.1743478114807173,334.92380981445314,345.41520041997717,324.4324192089291,329.5543664568594,330.46599021951283,330.0101783381861,330.26842369552344,340.4007873535156
2019-05-14 00:00:00+05:30,328.1985604765619,332.68673450493066,325.44018509269887,329.9751281738281,1561056,0.0,0.0,0.00426873131094907,1.1793607867535296,334.619921875,345.31522908144325,323.9246146685567,329.5543664568594,330.46599021951283,330.0101783381861,330.26842369552344,343.1592102050781
2019-05-15 00:00:00+05:30,329.9751158346836,334.60356831314226,328.7595770701962,331.9854431152344,3339966,0.0,0.0,0.006092322632108349,1.1865458331660892,334.4609634399414,345.2141361479196,323.7077907319632,329.5543664568594,330.46599021951283,330.0101783381861,330.17565020373945,345.3096923828125
2019-05-16 00:00:00+05:30,331.9853971449016,333.6217144663441,326.42193537306287,329.22705078125,938992,0.0,0.0,-0.008308774951397258,1.176687090868794,334.08694610595705,345.02236772252076,323.15152448939335,329.5543664568594,330.46599021951283,330.0101783381861,330.05962627083164,345.4032592773437
2019-05-17 00:00:00+05:30,329.13355074231924,338.2034355717057,328.85305060743525,337.0346374511719,807407,0.0,0.0,0.02371490025316758,1.2045921078579376,334.05655670166016,344.9552055849312,323.1579078183891,333.5516584244616,330.46599021951283,332.0088243219872,330.05962627083164,347.2265625
2019-05-20 00:00:00+05:30,341.2890810972389,344.79547576604614,337.96970555814653,339.8397827148437,2073389,0.0,0.0,0.00832301773160693,1.214617949330993,334.03084259033204,344.87158469068004,323.19010048998405,334.2061684646955,330.46599021951283,332.3360793421042,330.05962627083164,346.7122802734375
2019-05-21 00:00:00+05:30,341.2890444049968,341.7565636439077,335.9125731575208,337.87615966796875,4039362,0.0,0.0,-0.005778084693876417,1.207599783949056,333.8087692260742,344.12513577477023,323.4924026773782,334.9308107459346,330.46599021951283,332.69840048272374,330.05962627083164,346.75909423828125
2019-05-22 00:00:00+05:30,339.886506441486,342.97212218358146,338.156679449961,340.2137756347656,2238254,0.0,0.0,0.006918558471524117,1.2159546336645075,333.78539276123047,344.04063968909213,323.5301458333688,334.9308107459346,330.46599021951283,332.69840048272374,330.05962627083164,346.478515625
2019-05-23 00:00:00+05:30,343.15911488787464,345.4032014852967,335.2580284852682,337.31512451171875,1937561,0.0,0.0,-0.008520087458653403,1.205594593839931,333.67552490234374,343.7258300635343,323.62521974115316,335.23467360555986,330.51273935671855,332.8737064811392,330.05962627083164,346.19805908203125
2019-05-24 00:00:00+05:30,340.91508253375594,343.86044844495643,335.67886061655844,339.55926513671875,2513710,0.0,0.0,0.006652949903294569,1.213615354276431,333.68721160888674,343.76456989468176,323.6098533230917,335.42169328899774,330.51273935671855,332.9672163228581,330.05962627083164,349.37713623046875
2019-05-27 00:00:00+05:30,339.65275504846744,343.72017846907784,338.3904472924005,341.756591796875,708539,0.0,0.0,0.006471113840087694,1.2214687973920322,334.11031646728514,344.78569017126074,323.43494276330955,335.91256842917977,330.51273935671855,333.21265389294916,330.05962627083164,348.629150390625
2019-05-28 00:00:00+05:30,343.39292252580225,346.3382883802671,341.28908569616834,343.5331726074219,3298421,0.0,0.0,0.005198380523418811,1.2278184569983588,334.50770874023436,345.94613339368647,323.06928408678226,336.38011187666496,330.98028280420374,333.68019734043435,330.05962627083164,349.89141845703125
2019-05-29 00:00:00+05:30,344.74872984625495,345.40323971976994,340.3540371828707,343.0656433105469,2834826,0.0,0.0,-0.001360943670523751,1.2261474652407547,334.8583465576172,346.8860498548209,322.8306432604135,337.5956694938512,330.98028280420374,334.2879761490275,330.05962627083164,354.1925964355469
2019-05-30 00:00:00+05:30,342.0838408849735,343.6266487027392,337.36187933955665,340.821533203125,3275949,0.0,0.0,-0.006541343183673054,1.218126813876824,335.2931396484375,347.5234753529322,323.06280394394275,340.79815843276765,330.98028280420374,335.8892206184857,330.05962627083164,346.85260009765625
2019-05-31 00:00:00+05:30,342.6916562507333,350.63948456759886,342.6916562507333,347.7876281738281,2211020,0.0,0.0,0.020439128083352243,1.2430242638474183,336.03649749755857,349.36963689219255,322.7033581029246,342.9487565264335,333.13088089786964,338.0398187121516,330.05962627083164,346.3383178710937
2019-06-03 00:00:00+05:30,349.7044338089962,354.9406556372232,348.20836635305807,352.9303283691406,2949392,0.0,0.0,0.014786898034055751,1.2614047368907872,337.8060577392578,350.20104029332686,325.4110751851888,345.0993420612457,335.2814664326818,340.19040424696374,330.05962627083164,346.3383178710937
2019-06-04 00:00:00+05:30,351.62128309845303,353.72512012186246,349.70446522450413,352.18231201171875,750693,0.0,0.0,-0.0021194448232272345,1.2587312591511897,338.6125289916992,352.4751379780757,324.74992000532274,345.0993420612457,335.2814664326818,340.19040424696374,324.247987214369,344.18768310546875
2019-06-06 00:00:00+05:30,354.3795799670848,355.7353971620053,348.34857042431355,350.4991760253906,1949514,0.0,0.0,-0.0047791610450672595,1.252715579751246,339.5335403442383,353.9792514624439,325.0878292260327,345.7071288892819,335.6788371950729,340.6929830421774,324.247987214369,346.8992919921875
2019-06-07 00:00:00+05:30,350.3589669659709,351.948515429206,347.1798129692749,349.5641784667969,554298,0.0,0.0,-0.002667616994700195,1.249373814381176,340.3844253540039,355.0889546121311,325.6798960958767,346.548638250781,335.6788371950729,341.11373772292694,324.247987214369,345.4032592773437
2019-06-10 00:00:00+05:30,350.5927175833747,355.12763174667384,350.1251983059119,352.883544921875,2323261,0.0,0.0,0.009495728279816928,1.261237528642458,341.3311508178711,356.6873517736307,325.9749498621115,346.548638250781,335.6788371950729,341.11373772292694,324.247987214369,344.2344055175781
2019-06-11 00:00:00+05:30,353.39782320082566,355.3146407698818,351.6212271688872,352.416015625,814759,0.0,0.0,-0.0013248826804279634,1.2595665368848539,342.52332458496096,357.4228748223124,327.6237743476095,346.548638250781,335.6788371950729,341.11373772292694,324.247987214369,348.2083740234375
2019-06-12 00:00:00+05:30,351.9484943928084,354.3328597478139,350.21866741802666,351.4342346191406,758062,0.0,0.0,-0.0027858580834307922,1.2560575632664543,343.5962799072266,357.7934548014412,329.39910501301193,346.548638250781,339.6761291626751,343.11238370672805,324.247987214369,346.29156494140625
2019-06-13 00:00:00+05:30,350.7329663597821,354.2393609277583,350.68619731114194,352.5562744140625,888567,0.0,0.0,0.0031927447140653875,1.2600678344121352,344.624821472168,358.2724022553665,330.97724068896946,349.2135267063693,339.6761291626751,344.4448279345222,324.247987214369,341.2423400878906
2019-06-14 00:00:00+05:30,351.668028113318,353.9121150778589,344.0942096397677,345.07598876953125,479642,0.0,0.0,-0.021217281289244494,1.2333326207258837,345.41726837158205,357.0714889232164,333.7630478199477,349.9148034008865,340.4007714439142,345.15778742240036,324.247987214369,338.34375
2019-06-17 00:00:00+05:30,344.7954885561788,347.3201042254153,341.94363220047154,343.0189208984375,705722,0.0,0.0,-0.005961202569987001,1.2259804751375638,345.7164825439453,356.7805810889342,334.6523839989564,348.8395146812384,340.4007714439142,344.6201430625763,324.247987214369,337.7826843261719
2019-06-18 00:00:00+05:30,342.97213291215985,342.97213291215985,337.3151610296576,341.3358154296875,783301,0.0,0.0,-0.0049067423579480796,1.219964904810189,345.7912841796875,356.71323368069073,334.8693346786843,346.5252790958315,340.4007714439142,343.46302526987284,327.1699861749129,336.8944091796875
2019-06-19 00:00:00+05:30,342.92540296113987,345.4032495181854,338.95148895272854,340.4007873535156,721336,0.0,0.0,-0.002739320147212898,1.2166230303675498,345.91751556396486,356.52094187173276,335.31408925619695,346.31490089976967,340.5877911273521,343.45134601356085,327.1699861749129,338.01641845703125
2019-06-20 00:00:00+05:30,338.9515359655064,343.90722976695514,337.17496810471056,343.1592102050781,724208,0.0,0.0,0.008103456143589316,1.226481881737414,346.06478729248045,356.423623733078,335.7059508518829,346.2448044372962,341.0786662675341,343.6617353524151,327.1699861749129,337.5956420898437
2019-06-21 00:00:00+05:30,343.4396154600025,348.1148077670274,341.9903172588686,345.3096923828125,2543721,0.0,0.0,0.006266718519515102,1.2341678984595474,346.46451568603516,356.01939444317566,336.90963692889466,346.2448044372962,341.0786662675341,343.6617353524151,327.1699861749129,341.2890625
2019-06-24 00:00:00+05:30,345.0292495377132,348.76940400424667,344.187720489766,345.4032592773437,2449869,0.0,0.0,0.00027096515561297885,1.234502314956206,346.75671539306643,355.7865143387069,337.72691644742594,345.75391392626227,342.2942238847203,344.0240689054913,327.1699861749129,339.18524169921875
2019-06-25 00:00:00+05:30,345.4967355190663,350.125187638982,345.029216255847,347.2265625,1051008,0.0,0.0,0.005278766698586068,1.2410189646657241,347.0302139282227,355.76087458735407,338.2995532690913,345.70716451623446,345.49671282363676,345.60193866993563,327.1699861749129,342.9721374511719
2019-06-26 00:00:00+05:30,346.057770414512,349.610905463284,344.74872216154927,346.7122802734375,590313,0.0,0.0,-0.001481114298571229,1.2391808737323597,347.1891693115234,355.77229602738913,338.6060425956577,345.54354159128474,345.49671282363676,345.52012720746075,327.1699861749129,339.0449523925781
2019-06-27 00:00:00+05:30,348.2083927533801,349.7044603227465,345.8240555743167,346.75909423828125,708904,0.0,0.0,0.00013502251724917258,1.2393481910532582,347.3738418579102,355.7483048818213,338.99937883399906,343.6500778718463,345.49671282363676,344.57339534774155,327.1699861749129,348.4421081542969
2019-06-28 00:00:00+05:30,346.899294377238,348.11483305130776,344.4214479815657,346.478515625,818936,0.0,0.0,-0.0008091456516737816,1.2383453778535578,347.6566909790039,355.48546100823665,339.8279209497711,343.6500778718463,345.49671282363676,344.57339534774155,327.1699861749129,349.3304138183594
2019-07-01 00:00:00+05:30,347.03958815738184,353.2108489351446,345.3565300066806,346.19805908203125,1186927,0.0,0.0,-0.0008094485814303942,1.2373430009441333,347.57721252441405,355.43156224642183,339.72286280240627,345.1929085199276,345.7071288892819,345.45001870460476,327.2167353121186,353.1640625
2019-07-02 00:00:00+05:30,347.83432838417406,350.6394439356593,345.54347260308333,349.37713623046875,999876,0.0,0.0,0.009182827763006607,1.248705308605565,347.3995529174805,354.91116412767934,339.88794170728164,345.1929085199276,346.45518263335794,345.8240455766428,327.2167353121186,354.0055847167969
2019-07-03 00:00:00+05:30,351.34075664439735,351.34075664439735,347.46035213166164,348.629150390625,1206740,0.0,0.0,-0.0021409123903011196,1.2460319399385367,347.2218948364258,354.4314248435923,340.0123648292593,347.6005830970066,346.45518263335794,347.0278828651823,327.2167353121186,358.1197509765625
2019-07-04 00:00:00+05:30,347.8343223409706,351.10695709417865,347.13304346528315,349.89141845703125,1970504,0.0,0.0,0.0036206612814559946,1.2505433995389297,347.19150695800784,354.34991686798605,340.0330970480296,348.6992847124553,346.45518263335794,347.57723367290663,327.6842787596038,366.5819091796875
2019-07-05 00:00:00+05:30,350.68620182246354,357.8392696612435,350.68620182246354,354.1925964355469,2242048,0.0,0.0,0.012292893599629151,1.2659161964911803,347.4229278564453,355.1558699425524,339.68998577033824,351.13035882140457,347.507118882977,349.3187388521908,327.6842787596038,367.0493469238281
2019-07-08 00:00:00+05:30,352.97709186699785,353.3043611029042,345.9643019623555,346.85260009765625,1273733,0.0,0.0,-0.020723178326586766,1.239682389404779,347.1213806152344,354.4335281285822,339.80923310188655,351.13035882140457,347.507118882977,349.3187388521908,327.6842787596038,367.23638916015625
2019-07-09 00:00:00+05:30,345.3097696264466,352.7900789909848,343.39295176583,346.3383178710937,1647678,0.0,0.0,-0.0014827111759224687,1.2378442984714142,346.81749572753904,353.71314968780194,339.92184176727613,350.6161107135367,347.507118882977,349.06161479825687,329.8348768532697,366.72216796875
2019-07-10 00:00:00+05:30,346.4785679646557,349.9849629792829,343.4396922853121,346.3383178710937,1218943,0.0,0.0,0.0,1.2378442984714142,346.56269989013674,353.1220001099898,340.00339967028367,350.6161107135367,347.507118882977,349.06161479825687,331.9854623880818,370.3220520019531
2019-07-11 00:00:00+05:30,346.85254858044954,347.7875870955227,343.39289466063434,344.18768310546875,440202,0.0,0.0,-0.006209635650033407,1.2301577363864356,346.144270324707,352.16038793050825,340.12815271890577,350.61608216093896,347.507118882977,349.061600521958,331.9854623880818,369.66748046875
2019-07-12 00:00:00+05:30,344.23442649492875,349.47064793013493,344.23442649492875,346.8992919921875,764217,0.0,0.0,0.007878285655817052,1.2398492704354012,346.23543548583984,352.23914922426604,340.23172174741364,350.61608216093896,347.507118882977,349.061600521958,332.38283315047295,368.03118896484375
2019-07-15 00:00:00+05:30,346.89932677097994,348.34862521271606,344.234461006552,345.4032592773437,768836,0.0,0.0,-0.004312585091345467,1.234502314956206,346.35465240478516,352.1886287374762,340.5206760720941,350.61608216093896,347.507118882977,349.061600521958,332.38283315047295,366.1611328125
2019-07-16 00:00:00+05:30,345.07593442987485,345.917491877281,342.2708190321462,344.2344055175781,1011458,0.0,0.0,-0.0033840264339457526,1.2303247264896269,346.4995819091797,351.9554392108102,341.0437246075492,350.0550443466949,347.507118882977,348.78108161483595,332.38283315047295,355.36138916015625
2019-07-17 00:00:00+05:30,344.32796948373255,351.6680283080596,344.28122896709465,348.2083740234375,1165902,0.0,0.0,0.01154436756513122,1.2445280473566926,346.8899612426758,351.60377197587206,342.1761505094795,350.0550443466949,347.507118882977,348.78108161483595,332.38283315047295,352.4627685546875
2019-07-18 00:00:00+05:30,346.899334348471,348.90966171112245,345.16950716289097,346.29156494140625,1067632,0.0,0.0,-0.005504775947468232,1.237677199295654,347.0465789794922,351.4487427453131,342.6444152136713,347.78759006752523,347.507118882977,347.6473544752511,332.38283315047295,360.8314208984375
2019-07-19 00:00:00+05:30,346.478533290965,348.7226487038401,339.4190034487078,341.2423400878906,1447909,0.0,0.0,-0.014580848523902068,1.2196308155312365,346.8432113647461,351.88438587747993,341.80203685201224,346.1045412198463,347.507118882977,346.80583005141165,332.4529421395549,365.5533447265625
2019-07-22 00:00:00+05:30,341.4761352659052,344.4682419025738,336.7541728396553,338.34375,1038927,0.0,0.0,-0.008494227554365241,1.2092709938517983,346.49023590087893,352.7429732120132,340.23749858974463,344.2111005738575,347.2967212504494,345.75391091215346,334.0424998408108,363.5429992675781
2019-07-23 00:00:00+05:30,338.76446341328244,339.8397805997812,335.1178186874411,337.7826843261719,895039,0.0,0.0,-0.001658271133508804,1.2072656946701044,346.0180419921875,353.3266512601221,338.70943272425285,343.39292349775036,346.47854417434235,344.9357338360463,334.0424998408108,365.6935729980469
2019-07-24 00:00:00+05:30,336.0996491670779,338.25022661610615,331.7984657339069,336.8944091796875,1214284,0.0,0.0,-0.002629723747551993,1.2040909194032254,345.5271484375,353.8442543684359,337.2100425065641,341.73324702098324,344.81886769757523,343.2760573592792,335.6788371950729,360.8314208984375
2019-07-25 00:00:00+05:30,338.3904281507915,341.9903320903435,335.6320816910881,338.01641845703125,1444408,0.0,0.0,0.0033304478993159137,1.2081010814763373,345.0900146484375,354.00631445219176,336.1737148446832,341.73324702098324,344.81886769757523,343.2760573592792,335.6788371950729,359.195068359375
2019-07-26 00:00:00+05:30,337.54890157846165,339.4189785955169,334.229526287233,337.5956420898437,382050,0.0,0.0,-0.0012448400261392267,1.2065971888944935,344.6458709716797,354.1152425822856,335.1764993610738,341.73324702098324,344.81886769757523,343.2760573592792,335.6788371950729,359.8963317871094
2019-07-29 00:00:00+05:30,337.45539883064896,344.4681877861284,336.9878795669503,341.2890625,1141806,0.0,0.0,0.010940367557153996,1.219797805634428,344.4004211425781,353.95115668559305,334.8496855995632,341.73324702098324,344.81886769757523,343.2760573592792,335.6788371950729,357.6522216796875
2019-07-30 00:00:00+05:30,341.2890784843965,343.2994057054328,336.0996258283364,339.18524169921875,824450,0.0,0.0,-0.006164337014993748,1.2122785608703477,343.8908264160156,353.4122671021886,334.36938572984263,340.35406372251464,344.81886769757523,342.58646571004493,335.6788371950729,361.90667724609375
2019-07-31 00:00:00+05:30,336.98789628595506,345.5434935290872,334.1360400499486,342.9721374511719,1481877,0.0,0.0,0.011164683147715682,1.2258132668892339,343.607975769043,352.87973164117955,334.3362198969064,340.2605572188735,344.81886769757523,342.53971245822436,335.6788371950729,361.67291259765625
2019-08-01 00:00:00+05:30,342.83184675370404,347.273279452977,327.6374717298753,339.0449523925781,5252286,0.0,0.0,-0.011450449263252005,1.2117771542704976,343.06565246582034,352.0658285211261,334.0654764105146,337.45537559142616,342.7383706955594,340.09687314349276,335.6788371950729,360.6910705566406
2019-08-02 00:00:00+05:30,341.1020498676117,351.4342429129176,338.3904437936121,348.4421081542969,6133506,0.0,0.0,0.027716548190453105,1.245363434162926,342.7781280517578,350.6190820598584,334.9371740436572,339.53585732139646,342.7383706955594,341.13711400847797,335.6788371950729,357.41851806640625
2019-08-05 00:00:00+05:30,348.02136553352994,352.3225201072391,345.5434905065774,349.3304138183594,2910617,0.0,0.0,0.002549363705689478,1.2485383185023737,342.90201873779296,351.07161900950035,334.73241846608556,339.97999591855717,342.7383706955594,341.3591833070583,335.6788371950729,356.1561889648437
2019-08-06 00:00:00+05:30,349.70440854156044,358.3067743903171,349.70440854156044,353.1640625,2145343,0.0,0.0,0.01097427687368202,1.2622401236970202,343.2433059692383,352.4724097805132,334.0142021579634,342.97212306009624,342.97212306009624,342.97212306009624,335.6788371950729,355.36138916015625
2019-08-07 00:00:00+05:30,352.8835270935299,357.32496000503653,352.46277688613776,354.0055847167969,1948107,0.0,0.0,0.0023828081794048384,1.2652477997881384,343.6266693115234,353.9254161751345,333.32792244791233,342.97212306009624,342.97212306009624,342.97212306009624,335.6788371950729,355.26788330078125
2019-08-08 00:00:00+05:30,354.379596919366,359.008048979191,354.3328564076954,358.1197509765625,2189771,0.0,0.0,0.011621755241677745,1.2799522000373473,344.3232727050781,356.42732397677855,332.2192214333777,343.32276035453316,343.32276035453316,343.32276035453316,335.6788371950729,355.3146667480469
2019-08-09 00:00:00+05:30,358.96134951790856,368.4052460500733,357.65230105114983,366.5819091796875,1975249,0.0,0.0,0.023629409380659494,1.3101967145597055,345.3074035644531,360.8452295267343,329.769577602172,348.0213588899743,348.0213588899743,348.0213588899743,335.6788371950729,355.5016784667969
2019-08-13 00:00:00+05:30,369.34020263268246,369.8077218765213,364.7585197500839,367.0493469238281,3730684,0.0,0.0,0.0012751249650770902,1.3118673790996027,346.3897079467773,364.617784187228,328.16163170632666,348.7225968031983,348.7225968031983,348.7225968031983,336.730773444692,361.29888916015625
2019-08-14 00:00:00+05:30,368.4051873433522,369.34022588990894,364.5715235954472,367.23638916015625,1247424,0.0,0.0,0.0005095833513821812,1.3125358848752133,347.53980712890626,367.8829393070838,327.1966749507287,348.7225968031983,348.7225968031983,348.7225968031983,336.730773444692,370.6960754394531
2019-08-16 00:00:00+05:30,366.9091585766738,367.7974567034352,362.7949942458572,366.72216796875,1491547,0.0,0.0,-0.0014002457452058081,1.3106980120869869,348.4654968261719,370.4810768006589,326.44991685168486,354.0990828350667,348.7225968031983,351.41083981913255,336.730773444692,366.5350646972656
2019-08-19 00:00:00+05:30,366.72217596840784,375.6517838085538,366.5351568212896,370.3220520019531,2734988,0.0,0.0,0.009816379667317854,1.3235643214028314,349.6670211791992,373.6353354739366,325.6987068844618,360.5976371575656,351.64462776921454,356.12113246339004,336.730773444692,362.8884582519531
2019-08-20 00:00:00+05:30,371.5375574879063,372.05181725413,367.7038938916137,369.66748046875,1285694,0.0,0.0,-0.0017675737366017463,1.3212248238696167,351.08827819824216,376.24460555138654,325.9319508450978,362.67809617505714,351.64462776921454,357.16136197213586,336.730773444692,365.6468505859375
2019-08-21 00:00:00+05:30,367.4701601126112,371.1168048494542,366.0676022495859,368.03118896484375,775279,0.0,0.0,-0.004426387470792381,1.3153765708631404,352.57265014648436,378.0507117123319,327.0945885806368,364.0572803473458,351.64462776921454,357.8509540582802,336.730773444692,368.6389465332031
2019-08-22 00:00:00+05:30,367.470181186038,368.685719989656,364.19754598463567,366.1611328125,1200418,0.0,0.0,-0.005081243678296987,1.3086928219778622,353.99157257080077,379.17283934351155,328.81030579809,364.99232010812455,351.64462776921454,358.3184739386695,336.730773444692,362.6079711914063
2019-08-23 00:00:00+05:30,364.6650341374514,366.5351112355922,353.1173023494097,355.36138916015625,3743198,0.0,0.0,-0.02949451125353053,1.2700935668126214,354.91492156982423,378.829882285805,330.99996085384345,364.3845430789818,351.64462776921454,358.0145854240982,336.730773444692,359.0548400878906
2019-08-26 00:00:00+05:30,357.1847014928394,359.288538085402,347.88105714724105,352.4627685546875,3980718,0.0,0.0,-0.0081568248377214,1.2597336360606142,355.63723907470705,378.29323604924764,332.98124210016647,361.76642047789744,351.64462776921454,356.70552412355596,336.730773444692,354.1925964355469
2019-08-27 00:00:00+05:30,355.3146983935607,364.4780660433482,353.44462103359456,360.8314208984375,2762744,0.0,0.0,0.02374336551365852,1.2896439522314513,356.79902801513674,377.95271656665966,335.6453394636138,361.76642047789744,351.64462776921454,356.70552412355596,340.7280654122942,354.61334228515625
2019-08-28 00:00:00+05:30,361.15865198096895,367.4234218889235,357.8392764318233,365.5533447265625,1411348,0.0,0.0,0.013086232391757546,1.3065205326929767,358.01224212646486,378.2207412717644,337.8037429811653,361.76642047789744,351.64462776921454,356.70552412355596,340.7280654122942,358.6807861328125
2019-08-29 00:00:00+05:30,364.9923262306127,366.11435543880873,359.2418445001561,363.5429992675781,1643520,0.0,0.0,-0.005499458527696288,1.299335377207848,359.2301300048828,377.585049011334,340.87521099843167,361.76642047789744,351.64462776921454,356.70552412355596,341.4527076935333,359.5223083496094
2019-08-30 00:00:00+05:30,364.6650249130647,368.0311693115922,362.9819669813566,365.6935729980469,1669135,0.0,0.0,0.00591559660013119,1.3070217211476889,360.36620178222654,377.29804733141685,343.4343562330362,359.9664372006855,351.64462776921454,355.80553248495005,341.4527076935333,358.54058837890625
2019-09-03 00:00:00+05:30,366.0676432133658,366.0676432133658,359.989891793476,360.8314208984375,1243784,0.0,0.0,-0.013295700167077706,1.2896439522314513,361.45552520751954,375.2402351845069,347.6708152305322,359.49893099834765,351.64462776921454,355.57177938378106,341.4527076935333,359.943115234375
2019-09-04 00:00:00+05:30,361.0184050224883,365.5065788369181,352.41603858719907,359.195068359375,2673544,0.0,0.0,-0.004534950240719371,1.283795481079837,361.99317321777346,374.4688231085177,349.5175233270292,358.2833885684485,351.64462776921454,354.9640081688315,341.6397273769712,358.0730285644531
2019-09-05 00:00:00+05:30,360.03658186243075,360.9248798979861,356.8574565029942,359.8963317871094,2421019,0.0,0.0,0.0019523191978592092,1.2863018596436742,362.52146911621094,373.6111959167911,351.4317423156308,357.9561132294166,351.64462776921454,354.8003704993156,342.1306025171532,355.73541259765625
2019-09-06 00:00:00+05:30,360.9248563878677,362.7014238081434,356.2496639476103,357.6522216796875,1232781,0.0,0.0,-0.006235434788341654,1.2782812082797435,362.7458770751953,373.2276851655447,352.26406898484595,357.9561132294166,351.64462776921454,354.8003704993156,342.1306025171532,362.3741760253906
2019-09-09 00:00:00+05:30,355.5484262059628,362.6547252441237,355.5484262059628,361.90667724609375,1733094,0.0,0.0,0.011895509963353534,1.2934870151288027,363.1409317016602,372.83287605554807,353.4489873477723,360.2236039493956,351.64462776921454,355.93411585930505,343.34616013433936,366.3948669433594
2019-09-11 00:00:00+05:30,361.9534412937073,365.1325667698279,360.0833641271525,361.67291259765625,1345221,0.0,0.0,-0.0006459252153520056,1.2926515192500005,363.31858978271487,372.76021228346684,353.8769672819629,360.2236039493956,351.64462776921454,355.93411585930505,344.81886769757523,369.4337158203125
2019-09-12 00:00:00+05:30,361.8598685817756,363.1221761559429,359.10149382841394,360.6910705566406,739180,0.0,0.0,-0.002714723737433644,1.2891423274864628,363.0240478515625,372.4068052825757,353.6412904205493,360.2236039493956,357.02111380108295,358.6223588752393,342.7383706955594,368.1714172363281
2019-09-13 00:00:00+05:30,360.22363397013214,360.2703744878151,353.95886370443185,357.41851806640625,1394423,0.0,0.0,-0.009073006673505857,1.2774459305460792,362.5425064086914,372.0385878177242,353.0464249996586,360.2236039493956,360.5976371575656,360.4106205534806,342.7383706955594,368.8259582519531
2019-09-16 00:00:00+05:30,356.0159388850436,360.2703530046214,353.95884259759833,356.1561889648437,1315847,0.0,0.0,-0.0035317954659753736,1.2729342528005478,361.9884963989258,371.6179291323689,352.3590636654827,359.24184090028245,361.76642047789744,360.50413068908995,342.7383706955594,368.2181701660156
2019-09-17 00:00:00+05:30,354.84712937221235,356.6704659569444,351.574494450466,355.36138916015625,2649795,0.0,0.0,-0.0022316046423269675,1.2700935668126212,361.4204574584961,371.2066952783479,351.6342196386443,358.540536643692,361.76642047789744,360.1534785607947,342.97212306009624,365.6935729980469
2019-09-18 00:00:00+05:30,356.0626431838493,356.24966229463587,350.91993152342803,355.26788330078125,1568749,0.0,0.0,-0.0002631289223513633,1.2697593684611004,360.6677490234375,369.89336054403554,351.4421375028395,358.02624914662795,361.76642047789744,359.8963348122627,342.97212306009624,342.78515625
2019-09-19 00:00:00+05:30,356.06268621136576,357.6522632398103,353.8185992862955,355.3146667480469,1261647,0.0,0.0,0.00013168498889060132,1.2699265767094299,359.95010833740236,368.4616764528592,351.4385402219455,358.02624914662795,361.76642047789744,359.8963348122627,343.32276035453316,346.85260009765625
2019-09-20 00:00:00+05:30,357.04448641216,365.600083686549,352.79004376481663,355.5016784667969,2409479,0.0,0.0,0.0005263270454372027,1.2705949734124715,359.3236328125,367.1758298004858,351.47143582451423,358.2600076049885,361.76642047789744,360.013214041443,348.0213588899743,342.0838317871094
2019-09-23 00:00:00+05:30,355.5016672849074,363.7299950914402,345.0292241355821,361.29888916015625,3024471,0.0,0.0,0.016307126082671486,1.2913147258439173,359.0805206298828,366.34373087943567,351.81731038032996,355.31465391106553,360.34050397206795,357.82757894156674,348.7225968031983,346.3383178710937
2019-09-24 00:00:00+05:30,361.8599489918846,373.0804125265167,359.1950831953866,370.6960754394531,2698045,0.0,0.0,0.026009452454007764,1.3249011148089147,359.84725494384764,368.4994171340095,351.1950927536858,359.05481833104943,360.34050397206795,359.6976611515587,348.7225968031983,344.4071350097656
2019-09-25 00:00:00+05:30,372.05178572931,377.7555258614677,359.148266804521,366.5350646972656,3164971,0.0,0.0,-0.011224857822556444,1.310029288166238,360.5508697509766,368.9696406304062,352.13209887154693,361.39237499852493,361.39237499852493,361.39237499852493,348.7225968031983,345.1607360839844
2019-09-26 00:00:00+05:30,363.72998721973227,366.3948527302924,358.68078487794594,362.8884582519531,1889683,0.0,0.0,-0.009948861095525396,1.2969959887472022,360.65372161865236,369.1343961042544,352.1730471330503,361.39237499852493,361.39237499852493,361.39237499852493,351.64462776921454,346.4795837402344
2019-09-27 00:00:00+05:30,362.8885037052165,366.9559275165738,359.98987819970245,365.6468505859375,1594589,0.0,0.0,0.007601212635065968,1.3068547310444973,360.6583969116211,369.1500859501138,352.16670787312836,361.39237499852493,361.39237499852493,361.39237499852493,351.64462776921454,348.3636779785156
2019-09-30 00:00:00+05:30,365.31957111099456,370.1350139129031,362.79495562430645,368.6389465332031,1891389,0.0,0.0,0.008183021247060829,1.3175487510754564,360.91319427490237,370.0258848031734,351.8005037466313,361.39237499852493,361.39237499852493,361.39237499852493,351.64462776921454,349.1173095703125
2019-10-01 00:00:00+05:30,368.4052221416919,372.05186711069086,354.8471619359698,362.6079711914063,2555372,0.0,0.0,-0.016360114411442472,1.2959935027652087,360.7589141845703,369.6417730406846,351.876055328456,361.39237499852493,361.39237499852493,361.39237499852493,351.64462776921454,349.7767028808594
2019-10-03 00:00:00+05:30,361.298927131417,364.6650719642639,355.59518568341446,359.0548400878906,1999508,0.0,0.0,-0.009798822380658878,1.2832942926251245,360.67008514404296,369.5840821281452,351.7560881599407,361.39237499852493,361.39237499852493,361.39237499852493,351.64462776921454,345.2078552246094
2019-10-04 00:00:00+05:30,359.6158372248499,360.0833565065943,352.3225193085691,354.1925964355469,1796297,0.0,0.0,-0.01354178557000807,1.2659161964911798,360.4199615478516,369.7607267503977,351.0791963453055,361.39237499852493,361.39237499852493,361.39237499852493,351.64462776921454,335.8817138671875
2019-10-07 00:00:00+05:30,354.19256355660127,356.7171788577116,350.6394287592184,354.61334228515625,647438,0.0,0.0,0.0011879013108788694,1.2674199800004544,360.1558120727539,369.837211196105,350.47441294940285,364.19747731034306,361.39237499852493,362.794926154434,351.64462776921454,335.6932983398437
2019-10-09 00:00:00+05:30,354.3796031839793,360.0365748814469,353.4445646531509,358.6807861328125,1453314,0.0,0.0,0.011470081248058372,1.2819573901464723,360.20724029541014,369.8452577860944,350.5692228047259,364.19747731034306,361.39237499852493,362.794926154434,351.64462776921454,334.7041931152344
2019-10-10 00:00:00+05:30,358.0730100680961,363.122212332694,356.15616399484054,359.5223083496094,1235106,0.0,0.0,0.0023461591736482212,1.2849650662375904,360.08802185058596,369.69764304742,350.4784006537519,361.3456479349546,361.39237499852493,361.3690114667398,351.64462776921454,336.5411376953125
2019-10-11 00:00:00+05:30,360.6444253802648,362.561243234123,356.2964727493647,358.54058837890625,1273100,0.0,0.0,-0.002730623240626451,1.2814563107643289,359.93140563964846,369.53462949140436,350.32818178789256,361.3456479349546,361.39237499852493,361.3690114667398,351.64462776921454,334.75128173828125
2019-10-14 00:00:00+05:30,359.56907697173943,363.7300100950988,357.698999799014,359.943115234375,1873572,0.0,0.0,0.003911765922542054,1.2864690678920032,359.89400787353514,369.4908614606471,350.29715428642317,361.3456479349546,361.39237499852493,361.3690114667398,351.64462776921454,336.16436767578125
2019-10-15 00:00:00+05:30,360.4573654823929,360.5041059964261,354.37961483223586,358.0730285644531,1562818,0.0,0.0,-0.005195506152976925,1.2797852099341558,359.9267333984375,369.493691860944,350.35977493593094,361.3456479349546,361.39237499852493,361.3690114667398,351.64462776921454,337.0592346191406
2019-10-16 00:00:00+05:30,358.4937590815094,359.9898264047591,353.0237780901552,355.73541259765625,1259137,0.0,0.0,-0.006528321823535799,1.2714303602187043,359.90569458007815,369.50789601290495,350.30349314725134,357.65225036174115,361.39237499852493,359.52231268013304,351.64462776921454,337.577392578125
2019-10-17 00:00:00+05:30,355.3613869509595,364.571522309068,354.1925887718877,362.3741760253906,1438251,0.0,0.0,0.018662081964954558,1.2951578978138374,360.25633392333987,369.67767998768335,350.8349878589964,357.6054755341432,361.39237499852493,359.498925266334,351.64462776921454,330.0411682128906
2019-10-18 00:00:00+05:30,362.56120312463855,367.3766460213347,360.45736635602367,366.3948669433594,1563849,0.0,0.0,0.011095412377528424,1.3095282087840947,360.81268310546875,370.3046543595843,351.3207118513532,359.0080373902765,361.39237499852493,360.2002061944007,351.64462776921454,336.8708801269531
2019-10-22 00:00:00+05:30,367.4233887590644,374.8569276881137,366.6753408405022,369.4337158203125,2136931,0.0,0.0,0.008293917713161791,1.320389327990814,361.51863555908204,371.36736981538996,351.6699013027741,363.94035288913443,361.39237499852493,362.66636394382965,351.64462776921454,340.215087890625
2019-10-23 00:00:00+05:30,369.6674845752948,370.22851339429616,364.431263156467,368.1714172363281,1445027,0.0,0.0,-0.0034168472717264198,1.3158777593178521,362.1521224975586,372.00116076390145,352.30308423121573,363.94035288913443,361.39237499852493,362.66636394382965,351.64462776921454,339.0375061035156
2019-10-24 00:00:00+05:30,370.0882374348444,372.8466125025125,362.0001598863263,368.8259582519531,1746043,0.0,0.0,0.0017778159438293084,1.3182171477784979,362.5284759521484,372.78952489238253,352.2674270119143,363.94035288913443,361.39237499852493,362.66636394382965,351.64462776921454,333.3382263183594
2019-10-25 00:00:00+05:30,369.7142375554354,370.2752663933568,360.9248808783731,368.2181701660156,2173362,0.0,0.0,-0.0016478994288202653,1.3160448584936126,362.4045806884766,372.3184326502082,352.490728726745,363.94035288913443,361.39237499852493,362.66636394382965,351.64462776921454,328.1099548339844
2019-10-27 00:00:00+05:30,364.5715153535007,368.9662078370103,358.7742936169751,365.6935729980469,559133,0.0,0.0,-0.006856253635801002,1.3070217211476887,362.3625061035156,372.2121226823219,352.51288952470935,363.94035288913443,361.39237499852493,362.66636394382965,351.64462776921454,331.595458984375
2019-10-29 00:00:00+05:30,363.8235247366802,363.8235247366802,338.71773263555247,342.78515625,8461743,0.0,0.0,-0.06264374995775279,1.2251449792587612,361.35734100341796,374.40981342175115,348.30486858508476,356.7873301618331,358.2366292485101,357.5119797051716,351.64462776921454,327.8273620605469
2019-10-30 00:00:00+05:30,347.8343792702601,347.8343792702601,342.78517624594065,346.85260009765625,1766694,0.0,0.0,0.011865869258031125,1.2396823894047788,360.4176284790039,374.75687546381164,346.07838149419615,356.7873301618331,358.2366292485101,357.5119797051716,351.64462776921454,321.32733154296875
2019-10-31 00:00:00+05:30,347.8343127013599,349.9381492701181,340.9617742030611,342.0838317871094,4309485,0.0,0.0,-0.013748688374266904,1.222638382549786,359.0898727416992,374.9889490658185,343.1907964175799,356.7873301618331,358.2366292485101,357.5119797051716,351.64462776921454,320.9975891113281
2019-11-01 00:00:00+05:30,343.252701672268,349.6109532180792,343.252701672268,346.3383178710937,2034159,0.0,0.0,0.01243696921236559,1.2378442984714142,358.2763900756836,375.02388466054384,341.52889549082334,356.7873301618331,358.2366292485101,357.5119797051716,351.64462776921454,320.0556030273437
2019-11-04 00:00:00+05:30,349.4941054580971,349.9180316406891,342.4759508706355,344.4071350097656,1641703,2.75,0.0,-0.005576001157477584,1.2309420772303605,357.5440048217773,375.35072873541435,339.7372809081403,355.78217256903247,358.2366292485101,357.0094009087713,351.64462776921454,314.026611328125
2019-11-05 00:00:00+05:30,344.407121509533,345.72596138909955,339.60274953888387,345.1607360839844,2459875,0.0,0.0,0.002188111097632728,1.2336355152500913,357.09241180419923,375.6662799020679,338.51854370633055,355.78217256903247,356.7873301618331,356.2847513654328,352.69649879567146,311.906982421875
2019-11-06 00:00:00+05:30,346.6680017623529,347.1390180690952,339.9795644569011,346.4795837402344,1293956,0.0,0.0,0.0038209666348871796,1.2383491953934738,356.68572387695315,375.81293405162177,337.55851370228453,354.4964995144546,356.7873301618331,355.64191483814386,352.69649879567146,314.7331237792969
2019-11-07 00:00:00+05:30,347.61006332438933,349.2586205352774,344.1245308648036,348.3636779785156,3761245,0.0,0.0,0.0054378218131716505,1.245083117660508,356.1698684692383,375.61137675833487,336.7283601801417,353.8419702362814,356.7873301618331,355.31465019905727,352.69649879567146,310.5410461425781
2019-11-08 00:00:00+05:30,348.5520842245616,350.8600757411464,345.58468709506354,349.1173095703125,1334062,0.0,0.0,0.0021633472128037567,1.247776664752808,355.6496185302734,375.2624203043331,336.03681675621374,351.2706286861163,356.7873301618331,354.0289794239747,352.69649879567146,310.44683837890625
2019-11-11 00:00:00+05:30,349.399895579797,353.2622350999338,345.6788839525436,349.7767028808594,1330587,0.0,0.0,0.001888744248626395,1.25013339575193,355.21142425537107,374.9388020108952,335.48404649984695,346.4324923194088,356.7873301618331,351.60991124062093,352.69649879567146,319.16064453125
2019-11-13 00:00:00+05:30,349.776690302086,352.6499069600372,342.7585647329544,345.2078552246094,2924211,0.0,0.0,-0.013062184012313294,1.2338039232966802,354.4746612548828,374.541573498331,334.4077490114346,346.4324923194088,356.7873301618331,351.60991124062093,352.69649879567146,315.2041320800781
2019-11-14 00:00:00+05:30,344.3129171827109,344.3129171827109,333.4795422234738,335.8817138671875,3738810,0.0,0.0,-0.027016017208976395,1.2004714552723945,353.3650955200195,374.92851238541544,331.8016786546236,343.3708886617038,354.16823495579376,348.7695618087488,352.69649879567146,317.9360046386719
2019-11-15 00:00:00+05:30,336.7295398741735,336.77663000132657,332.63169261255894,335.6932983398437,2293732,0.0,0.0,-0.0005609579788505847,1.199798041231177,352.3629898071289,375.23057312005136,329.4954064942064,342.9469638562464,353.74431015033633,348.34563700329136,352.69649879567146,317.08819580078125
2019-11-18 00:00:00+05:30,336.54116830449203,336.54116830449203,331.6425869655084,334.7041931152344,1243758,0.0,0.0,-0.002946455081173527,1.1962628901962093,350.97949066162107,374.6009096288742,327.35807169436794,342.4524110327211,353.24975732681105,347.8510841797661,352.69649879567146,314.2620849609375
2019-11-19 00:00:00+05:30,335.5991051195384,339.41432555200254,332.7259172628483,336.5411376953125,1446730,0.0,0.0,0.0054882628239010245,1.2028282953440856,349.48680419921874,372.7905376902941,326.18307070814336,342.4524110327211,353.24975732681105,347.8510841797661,352.69649879567146,319.5845642089844
2019-11-20 00:00:00+05:30,337.2476623157684,340.3563583181407,334.4215645868653,334.75128173828125,1258477,0.0,0.0,-0.005318386837604661,1.1964311891702293,347.7526824951172,369.9868708959771,325.5184940942573,342.4524110327211,353.24975732681105,347.8510841797661,352.69649879567146,321.0447082519531
2019-11-21 00:00:00+05:30,336.2114578103684,338.42524035852784,332.5846262419228,336.16436767578125,1219942,0.0,0.0,0.00422130105122287,1.2014816854067893,346.15233001708987,366.81283606516257,325.49182396901716,342.4524110327211,353.24975732681105,347.8510841797661,352.69649879567146,322.7874450683594
2019-11-22 00:00:00+05:30,334.6099729899546,338.18968517765103,333.1969241660926,337.0592346191406,813957,0.0,0.0,0.0026619922555932707,1.2046800203485795,344.5639938354492,362.7141570536584,326.41383061723997,342.4524110327211,353.24975732681105,347.8510841797661,352.69649879567146,321.79833984375
2019-11-25 00:00:00+05:30,335.5520282101266,340.54478955901146,335.5520282101266,337.577392578125,984989,0.0,0.0,0.0015372904990123004,1.2065319634982112,343.0319549560547,357.751920970897,328.31198894121235,342.1462469627728,353.24975732681105,347.69800214479193,352.69649879567146,325.7077941894531
2019-11-26 00:00:00+05:30,337.71872910817683,338.14265533032955,328.1099838935423,330.0411682128906,4920150,0.0,0.0,-0.022324434428736994,1.17959681979292,341.24933471679685,352.8301259221892,329.6685435114045,336.2114505381266,351.483455790828,343.8474531644773,352.69649879567146,317.65338134765625
2019-11-27 00:00:00+05:30,332.06650788025127,337.71870375906406,330.7005490434496,336.8708801269531,988073,0.0,0.0,0.02069351514856188,1.2040068244525004,340.95362091064453,352.6651682947149,329.2420735265742,334.32738672627687,351.483455790828,342.90542125855245,352.69649879567146,315.2041320800781
2019-11-28 00:00:00+05:30,337.24769077458205,340.9216123824712,334.6100108377783,340.215087890625,828082,0.0,0.0,0.009927268757725649,1.2159593237849762,340.62174530029296,352.01426273610207,329.22922786448385,334.51579813800674,350.4782981980274,342.49704816801705,352.69649879567146,312.519287109375
2019-11-29 00:00:00+05:30,337.43606803130604,340.78027205586136,334.4215523975972,339.0375061035156,1064035,0.0,0.0,-0.0034612861951847096,1.211750540563653,340.4694290161133,351.86113102786425,329.0777270043623,334.51579813800674,350.4782981980274,342.49704816801705,358.0729848275399,313.3671569824219
2019-12-02 00:00:00+05:30,338.89621265952087,338.89621265952087,330.7476367844784,333.3382263183594,1420769,0.0,0.0,-0.01681017492918946,1.1913808020062382,339.8194244384766,351.28154982618867,328.3572990507645,334.51579813800674,349.1926251434495,341.8542116407281,361.39237499852493,314.1678771972656
2019-12-03 00:00:00+05:30,332.537519712008,332.67881885735886,325.47227495892,328.1099548339844,1878740,0.0,0.0,-0.015684584219817777,1.1726944894792972,339.0045654296875,351.3399738128168,326.66915704655815,333.19694367069565,347.21924139796516,340.2080925343304,361.39237499852493,313.79107666015625
2019-12-04 00:00:00+05:30,325.9903537890536,332.3490735281005,325.9903537890536,331.595458984375,917241,0.0,0.0,0.010622975923282096,1.1851519948064013,338.32630157470703,350.72543400465753,325.92716914475653,333.19694367069565,344.6478998478001,338.92242175924787,361.39237499852493,318.5012512207031
2019-12-05 00:00:00+05:30,330.6534600093447,333.4795579581425,326.97953842561856,327.8273620605469,1508053,0.0,0.0,-0.011363535964482807,1.1716844774900403,337.39369049072263,350.00588626339686,324.7814947180484,333.19694367069565,339.36725502942693,336.2820993500613,358.2366292485101,323.5411682128906
2019-12-06 00:00:00+05:30,328.2983671619771,329.47590793372024,319.20775815383115,321.32733154296875,2886217,0.0,0.0,-0.019827602176714088,1.1484527837937366,336.0418731689453,349.44101325544585,322.64273308244475,330.06468526815115,336.23499662688243,333.1498409475168,358.2366292485101,324.6244812011719
2019-12-09 00:00:00+05:30,322.0809207863515,322.92874432556323,319.772958304528,320.9975891113281,1462923,0.0,0.0,-0.0010261885599872622,1.1472742546853218,334.6358871459961,348.15391626770247,321.1178580242897,330.06468526815115,336.23499662688243,333.1498409475168,358.2366292485101,325.4722595214844
2019-12-10 00:00:00+05:30,320.24402106276455,321.1860537427567,316.05196413737696,320.0556030273437,1408245,0.0,0.0,-0.002934558127343889,1.1439075116969426,333.1498321533203,346.2050445856869,320.0946197209537,328.4867882599241,334.65709961865537,331.5719439392897,358.2366292485101,328.91064453125
2019-12-11 00:00:00+05:30,320.2911231338252,321.6570820701422,312.0012467403725,314.026611328125,1489874,0.0,0.0,-0.018837325896474355,1.1223593531036822,331.5907699584961,345.9139019313638,317.26763798562837,326.3907593981169,332.6317409201531,329.511250159135,358.2366292485101,329.4288024902344
2019-12-12 00:00:00+05:30,315.5809036097105,316.0990100117385,311.3417571433114,311.906982421875,1592030,0.0,0.0,-0.006749838484341741,1.114783608748842,330.3920333862305,346.9436849096138,313.84038186284715,325.1189849014161,332.30199612162255,328.7104905115193,358.2366292485101,326.0375061035156
2019-12-13 00:00:00+05:30,312.6606403862346,315.5809474406201,311.4830995375756,314.7331237792969,1914038,0.0,0.0,0.00906084671615126,1.1248844921493932,329.3440246582031,347.0474345687143,311.6406147476919,322.4106575507269,332.30199612162255,327.35632683617473,358.2366292485101,317.2294921875
2019-12-16 00:00:00+05:30,315.58092638834154,317.4649916205108,309.45771438379165,310.5410461425781,1534303,0.0,0.0,-0.013319467574243626,1.10990162963144,328.1358673095703,347.45382615289714,308.81790846624347,321.4686361709671,331.35997474186274,326.4143054564149,358.2366292485101,315.2511901855469
2019-12-17 00:00:00+05:30,311.71858816544227,312.8961289402804,308.6098920192912,310.44683837890625,1726476,0.0,0.0,-0.0003033665431416699,1.1095649226108313,326.83115234375,347.2095946078063,306.45271007969365,321.04472498871684,330.9360635596125,325.99039427416466,358.2366292485101,313.9794311523437
2019-12-18 00:00:00+05:30,312.00121951996044,320.14979604494056,310.8707688610439,319.16064453125,2671082,0.0,0.0,0.02806859363698333,1.1407088495374456,326.05162048339844,346.350308792456,305.75293217434086,319.04289997650574,330.6298994896642,324.83639973308493,358.2366292485101,320.8092346191406
2019-12-19 00:00:00+05:30,319.349070011938,320.7621189942917,313.36715690359625,315.2041320800781,2345882,0.0,0.0,-0.012396617562239864,1.1265679181798671,325.0036087036133,345.2695684762451,304.73764893098144,315.76931817242723,326.46140460100105,321.11536138671414,358.2366292485101,318.7838439941406
2019-12-20 00:00:00+05:30,315.39250510214106,319.1135453965929,312.33089913154646,317.9360046386719,2031957,0.0,0.0,0.00866699475214916,1.1363318764146717,324.04744720458984,343.7382025643388,304.3566918448409,315.13348704471673,324.7657522008812,319.949619622799,355.61753404247077,315.67510986328125
2019-12-23 00:00:00+05:30,318.4070357613242,320.4795190911454,314.968622337873,317.08819580078125,1944051,0.0,0.0,-0.0026666021637095083,1.1333017313743323,323.02298736572266,341.89787554070944,304.1480991907359,315.13348704471673,324.7657522008812,319.949619622799,355.19360923701333,324.7657470703125
2019-12-24 00:00:00+05:30,317.93600639625004,318.21860468029183,313.1316343276626,314.2620849609375,1463500,0.0,0.0,-0.008912696458808989,1.1232009570463501,322.234033203125,341.18935618356403,303.278710222686,314.68600550679145,324.7657522008812,319.7258788538363,354.69905641348805,318.1244506835937
2019-12-26 00:00:00+05:30,315.48671658953424,320.6208058338017,314.92149127158353,319.5845642089844,3375398,0.0,0.0,0.016936434596328986,1.1422239765938997,321.3697174072266,339.1006556699111,303.63877914454207,314.68600550679145,324.7657522008812,319.7258788538363,354.69905641348805,297.07000732421875
2019-12-27 00:00:00+05:30,320.29109364867213,322.599085087621,319.3490610202937,321.0447082519531,3938598,0.0,0.0,0.004568881624751775,1.1474426627319105,320.411198425293,335.8671059600481,304.95529089053787,315.6044885534561,324.7657522008812,320.1851203771687,354.69905641348805,288.8271789550781
2019-12-30 00:00:00+05:30,321.0446791143197,323.2584613397997,319.5845401722753,322.7874450683594,1351567,0.0,0.0,0.005428330608204801,1.1536713608591782,319.5986953735352,332.5296549384724,306.66773580859797,315.93417667954543,324.7657522008812,320.3499644402133,354.69905641348805,289.4394836425781
2019-12-31 00:00:00+05:30,321.8454299740263,323.8707943013127,320.762098240692,321.79833984375,1123389,0.0,0.0,-0.003064261760242548,1.1501362098242105,319.0217010498047,330.36513388038185,307.6782682192275,317.37078158117833,324.7657522008812,321.0682668910298,354.69905641348805,293.5373840332031
2020-01-01 00:00:00+05:30,322.03387254266715,326.7440358715096,321.23313902705286,325.7077941894531,1119565,0.0,0.0,0.012148771021010862,1.1641089512803382,318.90159301757814,329.8994866877288,307.90369934742745,319.537467501528,324.7657522008812,322.1516098512046,354.69905641348805,291.2526550292969
2020-01-02 00:00:00+05:30,325.7077479983022,327.26209592667493,316.6171398125573,317.65338134765625,2592967,0.0,0.0,-0.024728953330210746,1.135321755352846,318.20448913574216,327.5170581784519,308.8919200930324,319.7964975291107,324.7657522008812,322.28112486499595,352.932754877505,296.7264404296875
2020-01-03 00:00:00+05:30,316.14616473498063,317.3237055536087,312.1896160849682,315.2041320800781,2007575,0.0,0.0,-0.007710446075489874,1.1265679181798673,317.5733276367188,325.8322922115531,309.3143630618844,319.7258560058216,324.7657522008812,322.24580410335136,352.932754877505,293.82293701171875
2020-01-06 00:00:00+05:30,314.63886026987564,316.52292530143177,311.38883659102095,312.519287109375,1812816,0.0,0.0,-0.008517797507873515,1.1169720407739445,317.13292541503904,325.48405788190786,308.7817929481702,319.32546625884794,324.6950820375763,322.01027414821215,352.932754877505,290.25311279296875
2020-01-07 00:00:00+05:30,311.9070178663778,316.617181142075,311.9070178663778,313.3671569824219,1434983,0.0,0.0,0.002713016149784586,1.120002403959422,316.75140380859375,325.0580414958849,308.4447661213026,319.32546625884794,323.75305233940605,321.539259299127,352.932754877505,290.91949462890625
2020-01-08 00:00:00+05:30,312.7548282743394,315.204118823789,310.2113287136506,314.1678771972656,954815,0.0,0.0,0.0025552142175788717,1.1228642500257418,316.45701751708987,324.69059916925863,308.2234358649211,318.7367123201627,321.04472498871684,319.89071865443975,352.932754877505,288.8251647949219
2020-01-09 00:00:00+05:30,315.39251489150314,317.4179080568357,313.03743330256253,313.79107666015625,1728574,0.0,0.0,-0.0011993604835441873,1.1215175310158765,316.4452407836914,324.6935137808971,308.19696778648574,318.7367123201627,321.04472498871684,319.89071865443975,351.6139004101939,287.68280029296875
2020-01-10 00:00:00+05:30,315.0157188450825,319.5374929065813,314.21498532651503,318.5012512207031,1879696,0.0,0.0,0.015010543354768924,1.1383521185383236,316.7749542236328,324.7927371205375,308.7571713267281,318.7367123201627,321.04472498871684,319.89071865443975,351.6139004101939,282.351806640625
2020-01-13 00:00:00+05:30,319.3491108629068,325.00130751534766,318.783885447951,323.5411682128906,2539404,0.0,0.0,0.015823853039419022,1.1563652351691853,317.2153564453125,325.69557806104933,308.7351348295757,318.7367123201627,319.04289997650574,318.88980614833423,351.6139004101939,285.3504638671875
2020-01-14 00:00:00+05:30,325.00128853962235,325.51939503642205,322.3164895367575,324.6244812011719,1694366,0.0,0.0,0.0033483002928653693,1.1602370932247617,317.9195281982422,326.40489291785383,309.4341634786305,318.7367123201627,317.93599397298306,318.3363531465729,348.4816420076494,285.4457397460937
2020-01-15 00:00:00+05:30,325.00124322695257,326.41429211054805,322.3164445984106,325.4722595214844,1239513,0.0,0.0,0.0026115661923449274,1.163267129192532,318.6707992553711,327.0351420944215,310.3064564163207,318.31281041209934,317.93599397298306,318.1244021925412,348.4816420076494,291.4906311035156
2020-01-16 00:00:00+05:30,326.4142641339043,330.37081216828096,325.0954243719623,328.91064453125,1173218,0.0,0.0,0.010564295140915503,1.1755562264730475,319.1582992553711,328.6532003354377,309.6633981753045,320.29107044096577,319.4903520937861,319.89071126737593,346.9037449994223,289.63433837890625
2020-01-17 00:00:00+05:30,328.76936818928755,333.4324409280696,327.9215446227506,329.4288024902344,1641242,0.0,0.0,0.0015753760712817755,1.1774081696226795,319.8695327758789,330.1784542575721,309.56061129418566,321.8218848208601,321.0211664736804,321.42152564727024,344.87838630092006,291.2526550292969
2020-01-20 00:00:00+05:30,329.4288293951905,331.5954929920232,324.20053093552986,326.0375061035156,985024,0.0,0.0,-0.010294474439038415,1.1652873713161838,320.2746078491211,330.8834021773434,309.6658135208988,321.8218848208601,321.0211664736804,321.42152564727024,343.0993424157125,291.44305419921875
2020-01-21 00:00:00+05:30,324.05922884187083,325.001261483853,316.5229677060134,317.2294921875,1786886,0.0,0.0,-0.02701533949661339,1.1338067373689609,320.281672668457,330.8820636509429,309.68128168597116,323.23493711531603,321.0211664736804,322.1280517944982,343.0993424157125,291.6810302734375
2020-01-22 00:00:00+05:30,318.1244067402289,318.312796002937,313.0374079217236,315.2511901855469,915121,0.0,0.0,-0.006236185634291069,1.126736108081318,320.3311279296875,330.8262950034328,309.83596085594223,323.2349244248966,321.0211664736804,322.1280454492885,342.1573210359527,284.3985595703125
2020-01-23 00:00:00+05:30,315.2982996948766,316.3345124803648,312.75480036119336,313.9794311523437,1760568,0.0,0.0,-0.00403411334451953,1.1221907269119553,320.05087127685545,330.9079136080747,309.1938289456362,323.09362064463147,321.8218848208601,322.4577527327458,341.7334098537024,277.2588195800781
2020-01-24 00:00:00+05:30,313.5555998491503,321.6099681891451,313.5555998491503,320.8092346191406,1786647,0.0,0.0,0.021752391364398216,1.1466010587892428,320.03909759521486,330.8922715488767,309.185923641553,323.09362064463147,321.8218848208601,322.4577527327458,341.7334098537024,281.87579345703125
2020-01-27 00:00:00+05:30,320.80920844818047,323.82372443690605,317.3707950147796,318.7838439941406,1145922,0.0,0.0,-0.0063133800602857,1.1393621305275803,319.8389175415039,330.62876014190607,309.04907494110176,323.09362064463147,321.8218848208601,322.4577527327458,341.7334098537024,280.8762512207031
2020-01-28 00:00:00+05:30,319.30194089152707,320.8091699564927,314.4504503123071,315.67510986328125,1064496,0.0,0.0,-0.00975185596581396,1.1282512351377725,319.53275604248046,330.4309579325589,308.634554152402,323.09362064463147,321.8218848208601,322.4577527327458,341.7334098537024,279.1627502441406
2020-01-29 00:00:00+05:30,316.6642607555409,327.21503764201844,316.5700517434456,324.7657470703125,2105271,0.0,0.0,0.02879744687811603,1.1607419901468212,319.48565368652345,330.2832887283106,308.6880186447363,323.09362064463147,321.8218848208601,322.4577527327458,341.7334098537024,268.97674560546875
2020-01-30 00:00:00+05:30,326.791134176226,329.4288429554624,315.67515994164427,318.1244506835937,2483374,0.0,0.0,-0.020449497666023775,1.137005399528458,319.5092071533203,330.2926442559691,308.7257700506715,322.1751466766083,321.8218848208601,321.9985157487342,341.7334098537024,253.26934814453125
2020-01-31 00:00:00+05:30,320.997631319212,321.3744386363465,294.856224806789,297.07000732421875,6941813,0.0,0.0,-0.06618304036087963,1.061754925280928,318.6025009155273,333.12891527575306,304.0760865553015,312.1425338811257,314.1443328674293,313.1434333742775,341.7334098537024,256.7916564941406
2020-02-03 00:00:00+05:30,287.3199211599387,293.20762446239644,286.472097634095,288.8271789550781,2920695,0.0,0.0,-0.027747090469972924,1.0322943153122188,317.41789550781243,336.8373461995737,297.9984448160512,307.9504702947787,309.9522692810823,308.9513697879305,341.7334098537024,247.3672332763672
2020-02-04 00:00:00+05:30,291.08804050628686,293.44312174015647,286.3778780385476,289.4394836425781,3344060,0.0,0.0,0.002119969075331518,1.0344827473373213,316.22151184082026,339.16234088846517,293.28068279317534,307.903360497005,309.9051594833086,308.9042599901568,341.7334098537024,248.12876892089844
2020-02-05 00:00:00+05:30,291.1823023717501,296.5989901930919,281.8561847421077,293.5373840332031,9183894,0.0,0.0,0.014158055905342248,1.0491290119072352,315.18998718261713,340.1933213932583,290.18665297197595,305.64251384878503,307.6443128350886,306.6434133419368,341.7334098537024,241.06393432617188
2020-02-06 00:00:00+05:30,296.06004935478694,296.9168089606138,288.68234716025444,291.2526550292969,3174813,3.25,0.0,-0.0077834345067536725,1.04096318495392,314.0630661010742,341.1829732790721,286.9431589230763,305.64251384878503,307.6443128350886,306.6434133419368,341.7334098537024,237.8656616210937
2020-02-07 00:00:00+05:30,291.58582458154336,300.20109443699795,290.0627092726023,296.7264404296875,3502300,0.0,0.0,0.01879394163751069,1.0605269862987412,312.9743255615234,341.03645651901235,284.9121946040345,305.64251384878503,307.6443128350886,306.6434133419368,341.7334098537024,237.57925415039065
2020-02-10 00:00:00+05:30,298.5351584718674,298.86835083648964,292.2522062088565,293.82293701171875,1685622,0.0,0.0,-0.00978511862227105,1.0501496039356883,311.4884140014648,340.3005096218127,282.67631838111686,305.64251384878503,307.6443128350886,306.6434133419368,341.7334098537024,237.05416870117188
2020-02-11 00:00:00+05:30,294.15616152316846,296.44086376352084,289.3963530842822,290.25311279296875,1827686,0.0,0.0,-0.012149576391334072,1.0373907311003425,309.76984558105465,339.34144469014643,280.1982464719629,305.64251384878503,307.6443128350886,306.6434133419368,340.72825226090185,244.3099365234375
2020-02-12 00:00:00+05:30,290.91949462890625,295.48889906302264,289.91991743599243,290.91949462890625,2739107,0.0,0.0,0.0022958645629163055,1.0397724397177737,308.04220733642575,337.78110396543974,278.30331070741175,301.6153116892271,307.6443128350886,304.6298122621579,340.72825226090185,229.32101440429688
2020-02-13 00:00:00+05:30,291.4906749011891,292.34743459366035,287.9684051024506,288.8251647949219,1574245,0.0,0.0,-0.007199001347970468,1.0322871165226628,306.0379333496093,335.27443934265466,276.801427356564,291.0286395895528,307.6443128350886,299.3364762123207,339.442579206324,238.0088806152344
2020-02-14 00:00:00+05:30,289.7770983321811,290.7290599095217,286.4452328114888,287.68280029296875,2688377,0.0,0.0,-0.00395521111453101,1.0282042030460052,303.950633239746,332.14018037379094,275.7610861057011,291.0286395895528,307.6443128350886,299.3364762123207,338.7880499281507,236.9109649658203
2020-02-17 00:00:00+05:30,288.4443548603667,288.63475879443047,281.7806238899952,282.351806640625,2862510,0.0,0.0,-0.018530804229223263,1.0091507522516951,301.76634826660154,329.5340710896604,273.99862544354266,290.99085916349657,307.6065324090324,299.2986957862645,336.2167083779857,254.76402282714844
2020-02-18 00:00:00+05:30,283.6845312174208,286.54041575987804,278.1155505493172,285.3504638671875,2608197,0.0,0.0,0.010620287017958363,1.0198682228849967,300.17239685058587,327.86559888685787,272.47919481431387,289.1583224931576,305.77399573869343,297.4661591159255,330.9360635596125,241.6844940185547
2020-02-19 00:00:00+05:30,288.30162502809253,292.2046740571377,283.92259511871424,285.4457397460937,2530762,0.0,0.0,0.00033389074478784586,1.0202087474455213,298.6821243286132,326.17413120515675,271.19011745206967,289.1583224931576,305.77399573869343,297.4661591159255,330.9360635596125,246.983154296875
2020-02-20 00:00:00+05:30,285.58845801720264,292.25218870427074,282.7325734370306,291.4906311035156,3667812,0.0,0.0,0.02117702426667467,1.0418137328472488,297.55768432617185,324.27547786300255,270.83989078934115,288.4919506929034,305.77399573869343,297.1329732157984,330.9360635596125,262.4017028808594
2020-02-24 00:00:00+05:30,292.2522329739498,293.29939662228014,287.682828574136,289.63433837890625,2922212,0.0,0.0,-0.006368275774702892,1.0351791756906048,295.99893951416016,320.6443867190619,271.3534923092584,287.27820715641906,305.77399573869343,296.52610144755624,330.9360635596125,253.4751434326172
2020-02-25 00:00:00+05:30,289.5867222756928,292.442606996157,286.8736259809395,291.2526550292969,2500345,0.0,0.0,0.0055874474672044094,1.04096318495392,294.622380065918,316.9679198700048,272.2768402618312,286.80222480616993,304.8555217706702,295.82887328842,330.9360635596125,249.3221740722656
2020-02-26 00:00:00+05:30,292.0618234632361,293.44217948044457,285.4932938691205,291.44305419921875,3773560,0.0,0.0,0.0006537250961806684,1.0416436887121245,293.41077728271483,313.555672331913,273.26588223351666,285.7788650148809,303.77219675238985,294.7755308836354,330.9360635596125,270.9940795898437
2020-02-27 00:00:00+05:30,292.06180910553195,293.10897268246373,287.49240501727326,291.6810302734375,2162147,0.0,0.0,0.0008165439896059556,1.0424942366054535,291.7565414428711,305.7771179459544,277.7359649397878,285.7788650148809,303.77219675238985,294.7755308836354,330.9360635596125,276.3404235839844
2020-02-28 00:00:00+05:30,287.302031151994,288.72997371050604,280.8287031740324,284.3985595703125,4184422,0.0,0.0,-0.02496724142909812,1.0164660313116818,290.070246887207,297.51662927467044,282.6238644997436,285.7788650148809,303.77219675238985,294.7755308836354,330.9360635596125,283.1666259765625
2020-03-02 00:00:00+05:30,287.4924069122183,296.4408402574516,276.06886756471295,277.2588195800781,4185685,0.0,0.0,-0.025104698142710546,0.9909479584232831,289.0796875,297.72608006985473,280.4332949301452,286.25485391108225,302.7488552600877,294.50185458558497,330.9360635596125,277.867919921875
2020-03-03 00:00:00+05:30,283.2085336876025,283.7797163725782,276.5448034831883,281.87579345703125,3970650,0.0,0.0,0.016652216452287316,1.0074494383198997,288.7321182250977,297.93817863065823,279.52605781953713,286.25485391108225,302.7488552600877,294.50185458558497,330.6298994896642,289.419921875
2020-03-04 00:00:00+05:30,284.01774185067893,286.7784246092188,278.21077043002225,280.8762512207031,2578871,0.0,0.0,-0.003546037863235263,1.0038769844663222,288.30395660400393,298.1216505426644,278.4862626653435,286.25485391108225,302.7488552600877,294.50185458558497,326.46140460100105,292.95233154296875
2020-03-05 00:00:00+05:30,281.25707746762066,286.01688565592656,277.9727981970641,279.1627502441406,1666684,0.0,0.0,-0.006100554849744477,0.9977527778601893,287.5852249145508,297.86412368959896,277.30632613950263,286.25485391108225,302.7488552600877,294.50185458558497,324.7657522008812,286.5558166503906
2020-03-06 00:00:00+05:30,276.0688713345152,276.0688713345152,267.0252358942466,268.97674560546875,4709414,0.0,0.0,-0.036487692680215233,0.9613470811307957,286.4714294433594,299.4303290997709,273.5125297869479,281.7330380758491,298.2270394248545,289.9800387503518,324.7657522008812,286.7467346191406
2020-03-09 00:00:00+05:30,268.35794389010994,268.35794389010994,249.6519060267316,253.26934814453125,4922160,0.0,0.0,-0.05839686038872993,0.9052074298488876,284.29857482910154,303.0193416524208,265.5778080057823,273.0463731420916,285.51317233153907,279.27977273681535,324.7657522008812,282.6415100097656
2020-03-11 00:00:00+05:30,253.26938674922087,262.741416839232,252.4602425835398,256.7916564941406,3271005,0.0,0.0,0.013907361374023486,0.917796476694247,282.44701080322267,304.15519484254133,260.738826763904,273.0463731420916,274.9265002318648,273.9864366869782,317.8889185946301,294.8617858886719
2020-03-12 00:00:00+05:30,247.5100217093484,250.9370893587136,236.37207363758407,247.3672332763672,7679023,0.0,0.0,-0.03670065977392256,0.8841127404613867,280.3027168273926,306.5542685243697,254.0511651304155,266.4064569475178,268.286584037291,267.3465204924044,313.69685500828314,288.0356140136719
2020-03-13 00:00:00+05:30,234.0397497875541,259.1715285654022,224.71052381558096,248.12876892089844,4096738,0.0,0.0,0.003078563132411505,0.8868345373490664,278.1631805419922,307.4401700898943,248.88619099409001,260.5756820365163,262.45580912628947,261.5157455814029,313.6497452105094,292.236328125
2020-03-16 00:00:00+05:30,238.6771626991801,259.25112246969104,235.4788828919319,241.06393432617188,4370511,0.75,0.0,-0.028472452531204784,0.8615841830813621,275.7751190185547,308.78088927018604,242.76934876692331,255.7444742123999,262.45580912628947,259.1001416693447,311.38889856228946,283.69171142578125
2020-03-17 00:00:00+05:30,241.0639415238359,245.3601305806964,234.7628584133612,237.8656616210937,3816942,0.0,0.0,-0.013267321443243163,0.8501532687740075,273.2842620849609,309.70121731313577,236.86730685678606,255.7444742123999,262.45580912628947,259.1001416693447,311.38889856228946,276.96099853515625
2020-03-18 00:00:00+05:30,242.0186435602148,242.44825954056907,230.56213972304485,237.57925415039065,3570030,0.0,0.0,-0.0012040723690469601,0.8491296227136218,271.0456344604492,310.3783948009811,231.7128741199173,255.36370473575374,261.7894373260353,258.5765710308945,311.38889856228946,276.5313720703125
2020-03-19 00:00:00+05:30,233.90362713640712,243.68939112884863,225.78860333779707,237.05416870117188,3059285,0.0,0.0,-0.002210148571669457,0.8472529200908191,268.6308197021484,310.0521356766787,227.20950372761814,250.3896975750481,260.5756937895509,255.4826956822995,311.38889856228946,274.0014038085937
2020-03-20 00:00:00+05:30,239.20225401131967,249.083479750294,236.57680523654864,244.3099365234375,3892194,0.0,0.0,0.03060805832700697,0.8731856868866859,266.57402954101565,308.53886508690556,224.6091939951257,246.53423385284543,260.5756820365163,253.55495794468087,311.3182283989845,271.471435546875
2020-03-23 00:00:00+05:30,227.2206582916115,239.775071189468,223.4018236984752,229.32101440429688,2700491,0.0,0.0,-0.06135207733436865,0.8196139310975501,263.4655487060547,306.7904021418533,220.14069527025603,243.0716202688536,259.9213319779634,251.4964761234085,310.37619870081426,283.2621154785156
2020-03-24 00:00:00+05:30,231.99421292222945,245.1214574805861,229.13008683676983,238.0088806152344,3671728,0.0,0.0,0.037885172597486694,0.8506651463404854,260.88427581787107,303.810562227614,217.95798940812816,241.32647308408312,259.9213319779634,250.62390253102325,307.6678713501251,289.3721923828125
2020-03-25 00:00:00+05:30,240.39566056275285,250.61104103621287,234.38099266434392,236.9109649658203,3178877,0.0,0.0,-0.004612918839734359,0.846741097060626,258.1671913146973,299.9110285410546,216.42335408833998,241.32647308408312,259.9213319779634,250.62390253102325,307.6678713501251,285.41015625
2020-03-26 00:00:00+05:30,240.3956539557633,258.7260581113685,237.86566715612148,254.76402282714844,3089897,0.0,0.0,0.07535766807544686,0.9105495315987603,256.33323974609374,295.15859027649776,217.50788921568972,241.32647308408312,259.9213319779634,250.62390253102325,307.63009092406884,286.6513061523437
2020-03-27 00:00:00+05:30,258.72604960761134,264.83617926942026,239.8705533723703,241.6844940185547,3045141,0.0,0.0,-0.05133977970456183,0.8638021192363879,253.83341293334962,289.51107693576233,218.15574893093688,244.11900148394773,259.9213319779634,252.02016673095557,305.77399573869343,289.3721923828125
2020-03-30 00:00:00+05:30,239.63188559459496,250.9451896061205,236.00398959237208,246.983154296875,2096882,0.0,0.0,0.021923873518809645,0.8827400076438062,251.96264266967773,284.81595568006617,219.1093296592893,244.11900148394773,259.9213319779634,252.02016673095557,305.77399573869343,285.6965637207031
2020-03-31 00:00:00+05:30,253.3796936383492,268.082202399693,247.55596450027053,262.4017028808594,3457799,0.0,0.0,0.06242753125361422,0.9378472870598056,251.21978683471679,282.36078414315597,220.0787895262776,245.7420130490841,259.9213319779634,252.83167251352376,305.77399573869343,293.0955810546875
2020-04-01 00:00:00+05:30,264.5020165492565,271.42365417594755,250.1336631990422,253.4751434326172,2864584,0.0,0.0,-0.03401867956739291,0.9059429607181693,249.79975433349608,277.5957992181964,222.00370944879572,247.41273893721137,259.9213319779634,253.6670354575874,305.77399573869343,303.8360595703125
2020-04-03 00:00:00+05:30,251.08839101484884,263.21320329976294,245.3601387483504,249.3221740722656,3663015,0.0,0.0,-0.016384128653055052,0.8910998746974332,248.22205047607423,272.0408753373714,224.40322561477706,247.41273893721137,259.9213319779634,253.6670354575874,305.77399573869343,302.16534423828125
2020-04-07 00:00:00+05:30,260.44453061281985,272.04426502283866,253.5706452189773,270.9940795898437,4852845,0.0,0.0,0.08692329752947092,0.9685572142342325,247.81361694335936,269.67565860704514,225.9515752796736,250.58717592980423,259.9213319779634,255.25425395388382,305.77399573869343,292.3318176269531
2020-04-08 00:00:00+05:30,271.1372499156009,291.8066858514541,265.4089981568206,276.3404235839844,5519393,0.0,0.0,0.019728637622757228,0.9876655285307668,248.18180084228516,271.66332461056976,224.70027707400055,263.09383925789905,259.9213319779634,261.5075856179312,305.77399573869343,298.6328430175781
2020-04-09 00:00:00+05:30,283.50077987192395,288.60844846448015,274.7651713499572,283.1666259765625,4448630,0.0,0.0,0.024702149269534956,1.012062989844908,249.67666473388672,277.68701484790734,221.6663146198661,263.9053377219131,259.9213319779634,261.9133348499382,305.77399573869343,302.5472106933594
2020-04-13 00:00:00+05:30,283.16657001004114,283.16657001004114,272.5692989691024,277.867919921875,3570311,0.0,0.0,-0.01871232542469914,0.9931249378286362,250.73047790527343,281.23528059575125,220.22567521479561,263.9053377219131,257.60425477496466,260.7547962484389,304.75065424639126,302.4039611816406
2020-04-15 00:00:00+05:30,278.7749262378595,295.6732810235593,277.86794136477664,289.419921875,4785567,0.0,0.0,0.0415737158732572,1.03441283182057,252.83311233520507,287.66169305301617,218.00453161739398,265.83863530796566,259.5375523610172,262.68809383449144,304.75065424639126,302.4039611816406
2020-04-16 00:00:00+05:30,286.3648482143048,299.0624605849848,282.78469106444464,292.95233154296875,6058559,0.0,0.0,0.012205136554125584,1.0470379816862798,255.07429046630858,293.9803101133833,216.16827081923384,272.2112996666676,261.23214214173004,266.72172090419883,304.75065424639126,307.1298217773437
2020-04-17 00:00:00+05:30,299.7785382572902,300.6377702787188,285.12375356954374,286.5558166503906,3122227,0.0,0.0,-0.021834661150802015,1.0241762621441401,257.34888458251953,298.0115967687548,216.68617239628423,272.9989545135346,262.019796988597,267.5093757510658,304.75065424639126,308.6095886230469
2020-04-20 00:00:00+05:30,290.2791389675382,294.00252582600865,283.071100672037,286.7467346191406,3315004,0.0,0.0,0.0006662505440708788,1.0248586201360181,259.7929382324219,301.35361220020405,218.2322642646397,272.9989545135346,262.019796988597,267.5093757510658,300.2288384111581,315.1971130371094
2020-04-21 00:00:00+05:30,286.4126211760767,287.2241294298219,279.7296600153016,282.6415100097656,2306068,0.0,0.0,-0.014316552252382597,1.010186178149536,262.0460510253906,303.4289676413718,220.66313440940942,277.104207748848,262.019796988597,269.5620023687225,291.5421734774006,328.2287902832031
2020-04-22 00:00:00+05:30,283.5484820407737,296.9144037531334,280.2547253932119,294.8617858886719,2983604,0.0,0.0,0.04323595595878338,1.0538625432581812,264.9364318847656,307.01027954584356,222.8625842236877,283.0233842177697,262.019796988597,272.52159060318337,291.5421734774006,323.1211242675781
2020-04-23 00:00:00+05:30,295.0049755687426,301.25830562971447,286.41259763955594,288.0356140136719,5360217,0.0,0.0,-0.023150412164895773,1.029465191016609,267.12271575927736,309.22664322744754,225.01878829110717,286.9138022994084,262.33006466409483,274.6219334817516,284.90225728282684,315.8653869628906
2020-04-24 00:00:00+05:30,287.2718314138366,295.530055537352,286.4125994425881,292.236328125,3878958,0.0,0.0,0.014584009431308553,1.0444789210715992,270.2684814453125,309.9083753069205,230.62858758370444,286.9138022994084,262.33006466409483,274.6219334817516,279.07148237182525,319.73193359375
2020-04-27 00:00:00+05:30,290.13599576519505,290.13599576519505,281.6390933521591,283.69171142578125,4969776,0.0,0.0,-0.02923872180451126,1.0139396924677107,272.55262298583983,309.65032809334326,235.4549178783364,289.56312349724556,262.33006466409483,275.9465940806702,279.07148237182525,318.06121826171875
2020-04-28 00:00:00+05:30,286.41260879842486,288.3220261904144,275.0993049238076,276.96099853515625,4632034,0.0,0.0,-0.02372544779964736,0.9898835192220775,274.5551246643066,307.82833422080284,241.2819151078104,288.17880527676107,262.33006466409483,275.25443497042795,279.07148237182525,311.6169128417969
2020-04-29 00:00:00+05:30,277.82023465610587,280.3979598276927,274.0013998154721,276.5313720703125,2851400,0.0,0.0,-0.001551216478551276,0.9883479955952139,275.6434921264648,307.6421008190151,243.64488343391452,287.6298527225933,262.33006466409483,274.9799586933441,279.07148237182525,316.9632568359375
2020-04-30 00:00:00+05:30,281.6390736011678,281.6390736011678,270.3257693938379,274.0014038085937,4595484,0.0,0.0,-0.009148937579044447,0.9793056614771396,277.2593376159668,305.20089005418487,249.31778517774873,285.7920375117762,262.33006466409483,274.06105108793554,279.07148237182525,318.7294921875
2020-05-04 00:00:00+05:30,268.2254316639237,281.2094471957288,264.54979719460306,271.471435546875,7171673,0.0,0.0,-0.009233413502822918,0.9702633273590656,278.4837516784668,302.8990096824627,254.06849367447083,282.90405141215876,262.33006466409483,272.6170580381268,279.07148237182525,320.5911560058594
2020-05-05 00:00:00+05:30,277.8202636093273,288.2265838074763,276.1972469787552,283.2621154785156,17067119,0.0,0.0,0.04343248823909773,1.0124042779134161,279.5267723083496,302.85121085653236,256.2023337601669,282.90405141215876,265.19419623324217,274.0491238227005,278.4171323132724,315.6744079589844
2020-05-06 00:00:00+05:30,285.3624044715311,292.0931178129396,280.68433799863294,289.3721923828125,7025189,0.0,0.0,0.021570399183014954,1.0342422423226005,281.3216247558594,301.65331512399007,260.9899343877287,282.90405141215876,267.81964914702917,275.36185027959397,278.4171323132724,317.72705078125
2020-05-07 00:00:00+05:30,285.553356717249,287.22409681774315,280.77981357298006,285.41015625,4909366,0.0,0.0,-0.01369183438182997,1.020081568830027,283.1260238647461,297.14588623662513,269.1061614928671,280.0399263659775,268.6311476110433,274.3355369885104,278.4171323132724,315.43572998046875
2020-05-08 00:00:00+05:30,289.1812785477576,290.23146401436304,284.7418886259335,286.6513061523437,4415728,0.0,0.0,0.004348653596112806,1.0245175502126482,283.9088851928711,296.82522674541195,270.9925436403302,278.32145750377134,268.6311476110433,273.4763025574073,278.4171323132724,315.2448425292969
2020-05-11 00:00:00+05:30,288.0356061241838,291.09065626742154,286.6512669526855,289.3721923828125,2485970,0.0,0.0,0.009491972204803911,1.0342422423226005,284.5604736328125,297.19250334418666,271.9284439214383,278.32145750377134,268.6311476110433,273.4763025574073,278.4171323132724,316.0562744140625
2020-05-12 00:00:00+05:30,285.4578865580292,290.23142981150795,284.073547360362,285.6965637207031,1977948,0.0,0.0,-0.012702079739738248,1.0211052148904132,284.68697052001954,297.3112177524023,272.0627232876368,278.32145750377134,273.3092221890324,275.8153398464019,278.4171323132724,317.0110168457031
2020-05-13 00:00:00+05:30,296.9144159869961,296.9144159869961,291.4248407718025,293.0955810546875,2850231,0.0,0.0,0.02589816705397152,1.0475499683253267,285.44835357666017,298.1731902925088,272.7235168608115,280.7321065907996,273.3092221890324,277.020664389916,278.4171323132724,316.8677978515625
2020-05-14 00:00:00+05:30,292.0454006852803,306.46150863179986,291.04296815232647,303.8360595703125,5750676,0.0,0.0,0.036644969115453785,1.085937404561503,286.1691604614258,301.16892998769634,271.16939093515526,285.50565291320146,275.9108236900751,280.7082383016383,278.4171323132724,315.5789489746094
2020-05-15 00:00:00+05:30,306.4615339667876,307.4162427953446,296.4848150542068,302.16534423828125,4430318,0.0,0.0,-0.005498739466256897,1.079966117697156,286.6298110961914,302.95671502733046,270.3029071650524,291.8067448870499,280.493444007161,286.1500944471054,277.49865834524917,322.0709533691406
2020-05-18 00:00:00+05:30,305.50678612440925,305.50678612440925,290.3269235159322,292.3318176269531,3553027,0.0,0.0,-0.03254352889513901,1.0448202091401075,286.91861114501955,303.43536544440025,270.40185684563886,294.05029039698877,285.9830199949738,290.0166551959813,276.41533332696883,323.4075622558594
2020-05-19 00:00:00+05:30,293.09554470659515,300.01718216302123,291.3293279423592,298.6328430175781,2034947,0.0,0.0,0.021554360526933047,1.067340640613739,287.5129165649414,304.8078299730479,270.2180031568349,294.09802818416233,285.9830199949738,290.04052408956807,276.41533332696883,326.1762390136719
2020-05-20 00:00:00+05:30,299.4444071159172,304.74305839863547,297.8691434344496,302.5472106933594,2305001,0.0,0.0,0.01310762619485506,1.081330942753481,288.5082015991211,306.83880693317195,270.17759626507024,295.7448950778533,285.9830199949738,290.8639575364135,276.41533332696883,328.8016662597656
2020-05-21 00:00:00+05:30,304.55205561781645,305.98411857526696,298.6806033193483,302.4039611816406,2023479,0.0,0.0,-0.0004734782098649859,1.0808189561144343,288.8853103637695,308.02467362631955,269.7459471012195,295.7448950778533,285.9830199949738,290.8639575364135,276.41533332696883,330.3292236328125
2020-05-22 00:00:00+05:30,299.7785124263146,303.54962320175923,297.29626413965457,302.4039611816406,1595445,0.0,0.0,0.0,1.0808189561144343,289.60372772216795,309.62953788453837,269.5779175597975,295.7448950778533,285.9830199949738,290.8639575364135,276.41533332696883,335.9620056152344
2020-05-26 00:00:00+05:30,302.92907989724307,310.9486568425994,302.92907989724307,307.1298217773437,4746694,0.0,0.0,0.015627641176513718,1.0977096069373649,290.34840240478513,311.7842289292765,268.9125758802938,300.63779017926583,287.74922701860123,294.19350859893353,276.41533332696883,335.3891296386719
2020-05-27 00:00:00+05:30,308.0845104899122,310.08937546035185,304.074722278238,308.6095886230469,3061553,0.0,0.0,0.004818050025685805,1.102998426737265,291.59429626464845,314.21469999229953,268.97389253699737,300.63779017926583,287.74922701860123,294.19350859893353,276.41533332696883,341.4515380859375
2020-05-28 00:00:00+05:30,308.60962796561955,318.8727478438265,307.6071953526063,315.1971130371094,3718389,0.0,0.0,0.021345818979425335,1.1265428314889896,293.50610198974607,317.30201386679073,269.7101901127014,304.59983567987933,291.7112725192148,298.1555540995471,276.41533332696883,342.2630920410156
2020-05-29 00:00:00+05:30,302.64261260658293,333.6706407129361,302.64261260658293,328.2287902832031,6668784,0.0,0.0,0.04134453238015379,1.1731192180631163,296.0909729003906,323.0119726738339,269.16997312694735,311.99878211443416,299.1102189537696,305.55450053410186,272.38813116741085,336.1529235839844
2020-06-01 00:00:00+05:30,329.851807971449,336.0574136206948,321.45038428508883,323.1211242675781,5797008,0.0,0.0,-0.0155612979934453,1.1548639603289985,298.54695892333984,325.92242189108015,271.17149595559954,313.693370781527,300.3036054076489,306.99848809458797,262.019796988597,336.4393310546875
2020-06-02 00:00:00+05:30,323.12117908778544,327.1786911622216,315.05387872092376,315.8653869628906,3038412,0.0,0.0,-0.0224551623516851,1.1289313026057008,300.76665649414065,326.1026467700306,275.4306662182507,316.67683888017467,300.3036054076489,308.49022214391175,262.33006466409483,333.5752258300781
2020-06-03 00:00:00+05:30,320.7821189770041,323.4075678674409,315.5312211961305,319.73193359375,2690013,0.0,0.0,0.012241121662734278,1.1427506880297664,302.5901473999023,327.8732942950107,277.30700050479396,316.67683888017467,300.3036054076489,308.49022214391175,262.33006466409483,327.5128173828125
2020-06-04 00:00:00+05:30,319.3500809176141,320.686667357454,313.6218283451008,318.06121826171875,2861977,0.0,0.0,-0.005225362738255801,1.1367794011654195,304.0245986938477,329.4014834140552,278.6477139736402,316.67683888017467,300.3036054076489,308.49022214391175,262.33006466409483,328.03790283203125
2020-06-05 00:00:00+05:30,319.9706139396911,320.4957212042256,310.75768084166435,311.6169128417969,2897891,0.0,0.0,-0.02026121089248656,1.1137468739801724,305.3349365234375,329.3898708591464,281.28000218772854,319.35001311363885,300.3036054076489,309.82680926064387,262.33006466409483,331.474853515625
2020-06-08 00:00:00+05:30,313.6217767186912,320.63889079198736,311.330481893944,316.9632568359375,3204193,0.0,0.0,0.017156783774617823,1.1328551882767066,306.8505340576172,329.78764052174097,283.91342759349345,319.35001311363885,300.3036054076489,309.82680926064387,262.33006466409483,332.8591613769531
2020-06-09 00:00:00+05:30,321.2594643111625,326.9399924962315,315.8176132912577,318.7294921875,4422473,0.0,0.0,0.005572366239525062,1.1391678722821306,308.3183990478516,330.3220697496774,286.3147283460258,319.35001311363885,300.3036054076489,309.82680926064387,262.33006466409483,328.6584777832031
2020-06-10 00:00:00+05:30,317.1064752279384,321.7368180507028,315.05385743837365,320.5911560058594,2159168,0.0,0.0,0.005840889732488863,1.1458216262109244,310.06312866210936,330.0340036579809,290.0922536662378,319.35001311363885,306.127330299725,312.7386717066819,262.33006466409483,331.3316345214844
2020-06-11 00:00:00+05:30,321.4504127482686,324.07586152465353,314.8628997828408,315.6744079589844,1400621,0.0,0.0,-0.015336505560949232,1.1282487264686847,311.1920700073242,329.6809411165781,292.70319889807035,323.4075472311796,308.37087580966386,315.8892115204217,262.33006466409483,339.0170288085937
2020-06-12 00:00:00+05:30,305.5067908032781,321.9755162450173,300.73324719697683,317.72705078125,5303466,0.0,0.0,0.006502404916309601,1.1355850565344947,311.8866195678711,330.26001556845245,293.51322356728974,313.9559691795992,308.4186135968374,311.18729138821834,262.33006466409483,336.5825500488281
2020-06-15 00:00:00+05:30,319.922872259008,325.1737697981772,312.5716040500128,315.43572998046875,3105930,0.0,0.0,-0.007211601263245271,1.1273956699062682,312.55013885498045,330.41744518395484,294.68283252600605,313.8366198466042,310.0654804905284,311.9510501685663,262.33006466409483,337.4417724609375
2020-06-16 00:00:00+05:30,314.14690415281774,321.78457419219114,312.9535182091657,315.2448425292969,2568356,0.0,0.0,-0.0006051548161132292,1.1267134209869591,313.69579010009767,328.9519416916437,298.43963850855164,313.8366198466042,310.0654804905284,311.9510501685663,262.33006466409483,335.0072631835937
2020-06-17 00:00:00+05:30,315.0538420254122,317.4883373323598,313.6217791071149,316.0562744140625,991958,0.0,0.0,0.0025739735446750345,1.1296135515250099,314.56696166992185,328.1659504220512,300.9679729177925,313.8366198466042,310.0654804905284,311.9510501685663,262.33006466409483,333.86163330078125
2020-06-18 00:00:00+05:30,317.29744694115635,318.8727104922571,314.2423674020415,317.0110168457031,1496700,0.0,0.0,0.003020798854288298,1.1330258868472451,315.29015197753904,327.7325846270529,302.84771932802516,313.8366198466042,313.1921685683135,313.51439420745885,262.33006466409483,340.92645263671875
2020-06-19 00:00:00+05:30,319.82740051926777,319.82740051926777,315.1493339208413,316.8677978515625,2713290,0.0,0.0,-0.0004517792333076365,1.1325140092807675,316.01334381103516,326.9508065816198,305.0758810404505,313.8366198466042,313.1921685683135,313.51439420745885,262.33006466409483,334.57769775390625
2020-06-22 00:00:00+05:30,316.5814105903515,319.87513812248244,314.38556310020016,315.5789489746094,1778475,0.0,0.0,-0.004067465629804645,1.1279075474727458,316.6720932006836,325.642202238426,307.7019841629412,312.953508497577,313.1921685683135,313.07283853294524,264.93166616513753,345.5567932128906
2020-06-23 00:00:00+05:30,315.0538393030395,323.8848938895641,315.0538393030395,322.0709533691406,3583261,0.0,0.0,0.020571728296913783,1.1511105550833935,317.4191497802734,325.5240278505461,309.31427171000075,312.953508497577,313.1921685683135,313.07283853294524,265.40903324690987,345.7477722167969
2020-06-24 00:00:00+05:30,325.6033805446926,328.1333818308047,319.9228814342777,323.4075622558594,2513834,0.0,0.0,0.0041500448045272975,1.155887715461954,318.15904846191404,325.57756680504355,310.74053011878453,314.43331451389076,313.693370781527,314.06334264770885,265.40903324690987,347.9913024902344
2020-06-25 00:00:00+05:30,323.4075894623288,328.13340943483087,321.7368491477632,326.1762390136719,2113623,0.0,0.0,0.008560952435682667,1.1657832152150136,318.7080047607422,326.77260540860374,310.64340411288066,320.35250674242184,316.67683888017467,318.5146728112983,265.40903324690987,346.9888610839844
2020-06-26 00:00:00+05:30,329.3744972995399,330.6156069395533,326.5103712360656,328.8016662597656,2263463,0.0,0.0,0.008049106378909876,1.1751667283290268,318.7366485595703,326.940696173453,310.53260094568765,321.7845625743595,316.67683888017467,319.23070072726705,265.40903324690987,346.4637756347656
2020-06-29 00:00:00+05:30,331.76128674104723,334.1480585881052,328.89716052457777,330.3292236328125,2895849,0.0,0.0,0.004645832213757917,1.1806263557720342,319.09705352783203,328.5873709742036,309.60673608146044,323.88491884761004,316.67683888017467,320.2808788638923,265.40903324690987,351.2373352050781
2020-06-30 00:00:00+05:30,331.3316623187165,338.5874546958435,331.2839385350469,335.9620056152344,5313355,0.0,0.0,0.01705202440303366,1.2007584252015238,320.10188446044924,331.9922014158002,308.2115675050983,326.4149110489425,319.6603509464102,323.03763099767633,265.40903324690987,346.79791259765625
2020-07-01 00:00:00+05:30,338.9215632193414,339.8762718481283,333.9570666954916,335.3891296386719,2834726,0.0,0.0,-0.0017051808448202976,1.1987109149356134,320.88474426269534,334.5275189999596,307.24196952543105,327.1309174741642,320.30475952255256,323.7178384983584,267.1752402705373,352.7171325683594
2020-07-02 00:00:00+05:30,337.2031021338938,343.3609553593222,335.4368853289339,341.4515380859375,4017803,0.0,0.0,0.018075745191255654,1.2203785079919665,322.05426025390625,338.3179362476704,305.7905842601421,328.8732592297612,322.0471012781495,325.46018025395534,267.1752402705373,353.2421875
2020-07-03 00:00:00+05:30,339.0170880691012,343.55195470004907,338.2533035763335,342.2630920410156,2316369,0.0,0.0,0.0023767763930055974,1.223279074820293,323.58656921386716,341.3505734507968,305.82256497693754,329.3028970015443,322.14260094851295,325.7227489750286,271.13728577115086,356.3927307128906
2020-07-06 00:00:00+05:30,338.34874183849075,338.34874183849075,327.2263918238547,336.1529235839844,5867158,0.0,0.0,-0.0178522563464103,1.2014407831934015,324.54605255126955,342.84621096738164,306.24589413515747,331.7374180671634,322.14260094851295,326.94000950783817,278.5362322057057,353.8150939941406
2020-07-07 00:00:00+05:30,338.3010246240545,340.40136622664147,335.3891456856958,336.4393310546875,2600024,0.0,0.0,0.0008520154090867482,1.2024644292537876,325.4315444946289,344.2327211843058,306.630367804952,332.6444019239061,322.14260094851295,327.39350143620953,279.72961865958496,347.56170654296875
2020-07-08 00:00:00+05:30,338.1578452344836,338.3487695000432,332.04768602860963,333.5752258300781,1919717,0.0,0.0,-0.008512991675589276,1.1922278595773579,326.0807479858398,345.06631809610724,307.0951778755724,335.03116296805734,322.14260094851295,328.5868819582852,279.72961865958496,349.5188903808594
2020-07-09 00:00:00+05:30,333.57522363077766,335.4846410861747,326.4626610906627,327.5128173828125,2407863,0.0,0.0,-0.01817403685234642,1.1705602665210049,326.67266845703125,345.0453171624809,308.3000197515816,335.0073078953559,322.14260094851295,328.5749544219344,279.72961865958496,349.70977783203125
2020-07-10 00:00:00+05:30,328.70618141570463,334.52991009415234,325.4601777846441,328.03790283203125,1867508,0.0,0.0,0.0016032516022266297,1.1724369691438075,327.18821105957034,345.0956473177173,309.2807748014234,334.5060662423466,322.14260094851295,328.3243335954298,279.72961865958496,353.2421875
2020-07-13 00:00:00+05:30,327.5127893267638,332.2386087781982,326.6058335943826,331.474853515625,1301823,0.0,0.0,0.01047729745228132,1.1847209400135783,327.99016723632815,345.13263773456663,310.84769673808967,334.5060662423466,322.14260094851295,328.3243335954298,279.72961865958496,356.34503173828125
2020-07-14 00:00:00+05:30,331.2838979486568,334.8640553472373,329.7563582981833,332.8591613769531,1563542,0.0,0.0,0.004176207777591978,1.1896685808175391,328.8708831787109,345.07818671404493,312.6635796433769,334.5060662423466,322.14260094851295,328.3243335954298,279.72961865958496,356.5837097167969
2020-07-15 00:00:00+05:30,332.95466703527114,336.91670240732094,327.8947224592169,328.6584777832031,1908989,0.0,0.0,-0.012620002935694652,1.1746549598351181,329.500993347168,344.5966180853399,314.40536860899607,334.5060662423466,322.14260094851295,328.3243335954298,279.72961865958496,356.2973022460937
2020-07-16 00:00:00+05:30,329.9950482014786,332.4295728077645,323.4075641607811,331.3316345214844,1561131,0.0,0.0,0.008133539582826588,1.1842090624471007,330.217024230957,344.1791430499523,316.2549054119617,331.9044651937113,322.14260094851295,327.0235330711121,279.72961865958496,359.16143798828125
2020-07-17 00:00:00+05:30,332.8114229246741,340.6400159431515,332.4772690884611,339.0170288085937,2213714,0.0,0.0,0.02319547391908028,1.2116773528698308,331.3244857788086,344.34785719211646,318.3011143655007,332.02379005196633,322.14260094851295,327.08319550023964,282.5937502287323,356.9178771972656
2020-07-20 00:00:00+05:30,338.9215980841314,338.9215980841314,332.4773141768979,336.5825500488281,1432549,0.0,0.0,-0.007180992554624899,1.202976306820265,332.37466583251955,343.3569776302219,321.39235403481723,332.02379005196633,328.06177937503094,330.04278471349863,285.21920314251935,352.4784240722656
2020-07-21 00:00:00+05:30,337.01214192896646,343.3609484073482,335.24592515976684,337.4417724609375,3144070,0.0,0.0,0.0025527835949448185,1.206047245001423,333.14320678710936,343.24015039416537,323.04626318005336,333.38425628406463,328.2527364546074,330.818496369336,286.0307016065334,353.4331970214844
2020-07-22 00:00:00+05:30,338.7783740471913,339.20797546323143,333.6706768858085,335.0072631835937,3102512,0.0,0.0,-0.007214605529093587,1.1973460898792876,333.7231918334961,342.785557932821,324.6608257341712,333.38425628406463,328.58686690358195,330.98556159382326,286.0307016065334,357.6816101074219
2020-07-23 00:00:00+05:30,335.15046669598985,338.34874656515143,332.2386169088496,333.86163330078125,2545022,0.0,0.0,-0.0034197165515919004,1.1932515056377435,334.1074615478516,342.4750915240078,325.7398315716954,333.38425628406463,328.89716105104526,331.1407086675549,286.0307016065334,357.3474426269531
2020-07-24 00:00:00+05:30,336.0574328675251,342.50171602620634,331.5225669410457,340.92645263671875,2761933,0.0,0.0,0.02116092006766368,1.2185018053691632,334.71370086669924,343.21315020303064,326.21425153036785,333.38425628406463,328.9687589001246,331.1765075920946,290.7087761845226,352.1920166015625
2020-07-27 00:00:00+05:30,343.5042013824755,344.267985874358,331.6180947605853,334.57769775390625,5332659,0.0,0.0,-0.018622065943288746,1.1958107843975623,334.9261245727539,343.1829453797017,326.6693037658061,333.8377750175695,329.32677448727907,331.58227475242427,290.7087761845226,356.5837097167969
2020-07-28 00:00:00+05:30,338.92155671598323,352.1920005744034,338.92155671598323,345.5567932128906,10442262,0.0,0.0,0.032814785721491546,1.235051059051017,335.4058639526367,344.8862178962652,325.92551000900824,337.79978236759223,333.62291993872145,335.71135115315684,290.7087761845226,361.7391052246094
2020-07-29 00:00:00+05:30,346.41608000413544,349.8530373732778,342.88364593174475,345.7477722167969,3449410,0.0,0.0,0.0005526703791021159,1.2357336351880333,335.92379608154295,346.43176836166543,325.41582380142046,341.85728375772453,336.05744100434055,338.95736238103257,294.81402941983606,362.1687622070313
2020-07-30 00:00:00+05:30,347.60942485779066,350.2825974202926,342.6926811435126,347.9913024902344,2412389,0.0,0.0,0.006488921849164386,1.2437522141731523,336.2507843017578,347.79421577352093,324.70735282999465,341.85728375772453,336.96442486108333,339.41085430940393,300.3036054076489,356.9178771972656
2020-07-31 00:00:00+05:30,347.9912934851333,351.81012798154086,344.88849045680223,346.9888610839844,2264432,0.0,0.0,-0.002880650749247149,1.2401693984255167,336.48707275390626,348.69485885191705,324.2792866558955,341.85728375772453,337.79978236759223,339.8285330626584,300.3036054076489,353.3376770019531
2020-08-03 00:00:00+05:30,346.9411299768184,353.0035359479669,344.74531165753467,346.4637756347656,2399353,0.0,0.0,-0.00151326312775113,1.238292695802714,337.0026153564453,349.96631617942,324.0389145334706,342.2630514445063,338.205550054374,340.23430074944014,300.3036054076489,350.7122497558594
2020-08-04 00:00:00+05:30,349.5188711488328,352.86035169684186,348.27773232119046,351.2373352050781,2771003,0.0,0.0,0.013777947092929788,1.2553538270510451,337.74251556396484,352.1212742529722,323.36375687495746,342.2630514445063,338.205550054374,340.23430074944014,300.3036054076489,347.5139465332031
2020-08-05 00:00:00+05:30,353.24219590126035,356.5359523550384,345.27037295046364,346.79791259765625,3485973,0.0,0.0,-0.012639381302758768,1.2394869313610695,338.4036499023438,353.1701479047841,323.6371518999035,344.02925964804206,339.97175825790976,342.0005089529759,301.5686259452233,346.8456726074219
2020-08-06 00:00:00+05:30,349.6143293663804,353.2422106868433,345.7000179614198,352.7171325683594,2417288,0.0,0.0,0.017068211069570127,1.260642755923514,339.6638656616211,354.79890219965523,324.528829123587,344.0770235578118,339.97175825790976,342.0243909078608,302.21303452136567,350.0917053222656
2020-08-07 00:00:00+05:30,352.2874788851351,355.1038809531444,348.94599873310807,353.2421875,2555271,0.0,0.0,0.0014886005899894528,1.2625193494737477,340.92407989501953,356.17519556557556,325.6729642244635,347.7287545355108,339.97175825790976,343.8502563967103,303.9553762769626,353.76727294921875
2020-08-10 00:00:00+05:30,353.2422037926819,358.77950236013845,350.5690312019227,356.3927307128906,2665539,0.0,0.0,0.008918932461572382,1.2737796742831322,342.1699737548828,358.1901550469041,326.14979246286146,350.7360917518255,341.09353326045976,345.91481250614265,304.05087594732606,347.9913024902344
2020-08-11 00:00:00+05:30,355.1994042998461,361.2618111249319,352.3830307662653,353.8150939941406,3676024,0.0,0.0,-0.007232573777792739,1.2645669688122267,343.2177703857422,359.4071880857261,327.0283526857583,351.97724613422224,342.33468764285647,347.15596688853935,304.05087594732606,347.8481140136719
2020-08-12 00:00:00+05:30,353.4809124089733,355.1516527107038,345.8432424582055,347.56170654296875,3985010,0.0,0.0,-0.017674168110180855,1.2422167996188576,344.16293182373045,358.97648534962894,329.34937829783195,353.0035613912333,342.33468764285647,347.6691245170449,304.05087594732606,345.2703857421875
2020-08-13 00:00:00+05:30,350.5690758665276,352.0488628221965,345.89097953358737,349.5188903808594,2575663,0.0,0.0,0.005631183761173775,1.2492119506887285,345.0722946166992,358.80577714917575,331.33881208422264,353.0035613912333,342.33468764285647,347.6691245170449,304.05087594732606,346.0818786621094
2020-08-14 00:00:00+05:30,350.18713217203424,352.5261800922076,347.37075904725464,349.70977783203125,2196452,0.0,0.0,0.0005461434458202685,1.2498941996080375,345.60693206787107,359.1858674421479,332.0279966935942,353.2660920376978,342.33468764285647,347.80038984027715,304.05087594732606,334.4344482421875
2020-08-17 00:00:00+05:30,350.0439078131237,354.43557326858104,346.9411048148129,353.2421875,1641653,0.0,0.0,0.010100974842245813,1.2625193494737472,346.4399139404297,359.7403849233941,333.13944295746523,353.2660920376978,342.33468764285647,347.80038984027715,304.05087594732606,330.472412109375
2020-08-18 00:00:00+05:30,352.2875196555279,358.1589724893737,351.33281093017416,356.34503173828125,2351793,0.0,0.0,0.00878390053079725,1.2736091938577314,347.38507690429685,360.680060073914,334.0900937346797,353.48091454317586,342.33468764285647,347.90780109301613,304.05087594732606,324.8873596191406
2020-08-19 00:00:00+05:30,358.015772808029,359.638789298918,352.5739214071877,356.5837097167969,2092175,0.0,0.0,0.0006697946014606604,1.274462250420148,348.46389923095705,361.04089843820225,335.88690002371186,353.5525267915687,342.33468764285647,347.9436072172126,304.05087594732606,327.08319091796875
2020-08-20 00:00:00+05:30,355.77219497432577,357.0610575599774,353.7195770747905,356.2973022460937,1240880,0.0,0.0,-0.0008031984156837702,1.2734386043597616,349.58568267822267,360.6485447128953,338.52282064355006,353.5525267915687,342.33468764285647,347.9436072172126,304.05087594732606,337.4895324707031
2020-08-21 00:00:00+05:30,357.34746808231546,360.6889486569285,355.438050611108,359.16143798828125,1479807,0.0,0.0,0.008038611923615768,1.2836752831087606,350.49743194580077,361.561089801217,339.43377409038453,353.5525267915687,346.39218903298877,349.97235791227877,309.8746008394021,344.3157043457031
2020-08-24 00:00:00+05:30,360.8799127402172,363.4576380568071,353.4331960362455,356.9178771972656,2962489,0.0,0.0,-0.0062466639057415785,1.2756565950510725,351.61444091796875,360.2429545552565,342.985927280681,354.6504402575063,347.4901024989264,351.0702713782164,312.11814634934103,340.2581787109375
2020-08-25 00:00:00+05:30,358.01572225566224,359.7341860683318,350.0916525905612,352.4784240722656,2616237,0.0,0.0,-0.01243830418319547,1.2597895902885279,351.9605224609375,360.12743612137723,343.7936088004978,354.67430879519725,347.4901024989264,351.0822056470618,312.1658841365146,346.5592346191406
2020-08-26 00:00:00+05:30,353.0512902065551,355.1516611470685,349.9962396349167,353.4331970214844,1781351,0.0,0.0,0.0027087415399444925,1.2632020346833321,352.34479370117185,360.00871531996097,344.68087208238273,355.19937143581,347.4901024989264,351.3447369673682,313.8127510302055,345.50909423828125
2020-08-27 00:00:00+05:30,354.5788068195876,358.4453945518196,352.8125898902024,357.6816101074219,1454666,0.0,0.0,0.012020413254160811,1.2783862451637227,352.8293090820313,360.55672791194036,345.1018902521222,355.19937143581,347.4901024989264,351.3447369673682,313.8127510302055,359.8296813964844
2020-08-28 00:00:00+05:30,357.6815964876909,359.4000895706012,355.0084238725812,357.3474426269531,2524902,0.0,0.0,-0.0009342596069403797,1.277191900532798,353.3472381591797,360.8211128442036,345.87336347415584,356.7269388458619,347.4901024989264,352.10852067239415,313.8127510302055,352.0965576171875
2020-08-31 00:00:00+05:30,357.3474375056155,361.0230716502612,347.6094267169367,352.1920166015625,4323447,0.0,0.0,-0.014426928558636809,1.2587659442281418,353.6336502075195,360.43194113259636,346.83535928244265,355.5335323868719,347.53786640869623,351.5356993977841,316.93943910799067,352.2875061035156
2020-09-01 00:00:00+05:30,352.19204374327205,359.35235919943267,346.98889865970096,356.5837097167969,3613806,0.0,0.0,0.012469598708146457,1.2744622504201477,353.90096893310545,360.72199379955975,347.07994406665114,355.223268358254,351.1895973863952,353.2064328723246,317.2974546951451,354.8174743652344
2020-09-02 00:00:00+05:30,356.583684290857,364.6032312028492,354.1969126423237,361.7391052246094,2891078,0.0,0.0,0.014457742648723348,1.292888097652235,354.6480285644531,361.4664000860317,347.82965704287454,355.79606493127505,353.6479561731809,354.72201055222797,321.25946204516777,352.6216735839844
2020-09-03 00:00:00+05:30,359.25688310207056,365.4624898411497,359.25688310207056,362.1687622070313,2842345,0.0,0.0,0.001187753760144794,1.294423730351668,355.12061004638673,362.62190121490926,347.6193188778642,356.22569425042536,354.07758549233114,355.1516398713783,321.25946204516777,350.42584228515625
2020-09-04 00:00:00+05:30,361.83462150408025,361.83462150408025,354.86525918204,356.9178771972656,1928172,0.0,0.0,-0.014498448120614182,1.2756565950510723,355.30439453125,362.792549821253,347.81623924124705,356.22569425042536,355.1039007493422,355.6647974998838,321.7606642583813,350.7122497558594
2020-09-07 00:00:00+05:30,356.9655582158427,358.6362983524437,351.71466064366814,353.3376770019531,1477924,0.0,0.0,-0.010030879437663343,1.2628606375422549,355.1516418457031,362.6696662042342,347.63361748717205,356.22569425042536,355.1039007493422,355.6647974998838,324.744132357029,345.22265625
2020-09-08 00:00:00+05:30,353.2422220053043,355.53351707771867,349.0415095166451,350.7122497558594,2034463,0.0,0.0,-0.007430363125637607,1.2534771244282417,354.9964996337891,362.74549748210774,347.24750178547043,356.22569425042536,355.36643139580667,355.796062823116,325.1499000438107,346.4160461425781
2020-09-09 00:00:00+05:30,349.9961948355195,350.6167496272496,344.02926580850703,347.5139465332031,1860049,0.0,0.0,-0.009119451130899181,1.2420461010483184,354.9941116333008,362.75239720483813,347.2358260617635,354.74587782482837,354.74587782482837,354.74587782482837,325.1499000438107,346.0818786621094
2020-09-10 00:00:00+05:30,349.23244445067525,350.99866144176247,343.88609883010645,346.8456726074219,1291497,0.0,0.0,-0.0019230132558648583,1.239657629931607,354.8604507446289,363.0752113858479,346.6456901034099,354.6742943356281,354.6742943356281,354.6742943356281,328.6345997760076,347.9913024902344
2020-09-11 00:00:00+05:30,345.93871649148736,351.28509124286865,345.8909635734242,350.0917053222656,1782552,0.0,0.0,0.009358723406988512,1.2512592428095,354.8795471191406,363.04746137003366,346.7116328682476,354.6742943356281,354.6742943356281,354.6742943356281,328.6345997760076,350.7122497558594
2020-09-14 00:00:00+05:30,350.75994657686283,354.8652111874875,349.23240693419774,353.76727294921875,1663003,0.0,0.0,0.010498870927460935,1.2643960520965494,354.9058013916016,363.0556551445455,346.7559476386577,354.6742943356281,354.6742943356281,354.6742943356281,328.6345997760076,344.029296875
2020-09-15 00:00:00+05:30,353.7672781613598,353.7672781613598,346.70243998726545,347.9913024902344,1514121,0.0,0.0,-0.016327034467695012,1.2437522141731514,354.48811492919924,363.1462068106659,345.8300230477326,354.6742943356281,354.6742943356281,354.6742943356281,329.75637477855764,340.5445861816406
2020-09-16 00:00:00+05:30,348.4686688297139,349.80525515704994,346.2728505159046,347.8481140136719,1196118,0.0,0.0,-0.00041147142338859855,1.243240445679243,354.051335144043,363.11872901226036,344.9839412758256,352.86036016709335,354.6742943356281,353.7673272513607,330.9975291609544,342.3585205078125
2020-09-17 00:00:00+05:30,349.37565051707355,352.0488231471509,344.2202003748726,345.2703857421875,1816429,0.0,0.0,-0.007410499489967193,1.2340274129906303,353.49998931884767,363.27538226821343,343.7245963694819,351.26119859127505,354.6742943356281,352.9677464634516,330.9975291609544,334.0048522949219
2020-09-18 00:00:00+05:30,347.1797877604411,347.5139416082974,340.3059030999757,346.0818786621094,2445839,0.0,0.0,0.0023503113890799288,1.236927761673819,352.84601135253905,362.7694386575544,342.9225840475237,347.9197100888472,352.8841964705627,350.4019532797049,330.9975291609544,340.3536376953125
2020-09-21 00:00:00+05:30,345.6045517627104,346.60698425040454,331.904475996971,334.4344482421875,2064767,0.0,0.0,-0.0336551294304942,1.1952987977585152,351.72183990478516,364.31354494004614,339.13013486952417,343.38484359222923,348.68348291906034,346.0341632556448,330.9975291609544,346.5592346191406
2020-09-22 00:00:00+05:30,335.5323857225309,336.05746385564635,328.4197942225635,330.472412109375,2406398,0.0,0.0,-0.01184697376014121,1.1811381242659418,350.6215393066406,366.2687724779884,334.9743061352928,341.6425027050255,346.9411420318566,344.29182236844105,330.9975291609544,345.8432312011719
2020-09-23 00:00:00+05:30,331.4271200545719,334.100321901268,321.7368325568674,324.8873596191406,3326494,0.0,0.0,-0.016900207961643487,1.1611766443344218,349.1942474365234,368.40099714125535,329.9874977317915,338.30102187217744,343.59966119900855,340.950341535593,330.9975291609544,340.4968566894531
2020-09-24 00:00:00+05:30,322.4528481157266,330.2814707382017,317.917982006031,327.08319091796875,3118134,0.0,0.0,0.006758746481864586,1.1690247428941405,347.6643264770508,368.72897734450646,326.5996756095951,336.39159659675926,341.69023592359036,339.0409162601748,330.9975291609544,350.2348937988281
2020-09-25 00:00:00+05:30,329.3745083518885,345.5568328076839,327.560567611233,337.4895324707031,7055891,0.0,0.0,0.03181558038347565,1.2062179435719609,346.67143096923826,367.6882598694916,325.6546020689849,335.84263008369544,341.69023592359036,338.7664330036429,330.9975291609544,354.1014709472656
2020-09-28 00:00:00+05:30,338.4442513690601,346.46379902999195,337.7282198076305,344.3157043457031,3064523,0.0,0.0,0.02022632176182393,1.230615295813533,346.2776153564453,367.15918333512394,325.3960473777667,334.98340257659095,341.69023592359036,338.3368192500907,330.9975291609544,354.5788269042969
2020-09-29 00:00:00+05:30,345.6045533186369,349.75754203780497,338.68291516515586,340.2581787109375,2172128,0.0,0.0,-0.011784317658342314,1.2161133342524515,345.46133880615236,365.9356118827953,324.9870657295094,334.98340257659095,341.69023592359036,338.3368192500907,332.095442626892,360.6905822753906
2020-09-30 00:00:00+05:30,342.11984529200754,348.4209281121619,338.587411687186,346.5592346191406,3700443,0.0,0.0,0.01851845540370123,1.2386338747986518,344.7023452758789,363.7689860479277,325.6357045038301,333.837762021918,341.69023592359036,337.76399897275417,338.01462105341,366.224853515625
2020-10-01 00:00:00+05:30,346.5592797008181,348.56417392286136,343.1700752587301,345.50909423828125,2369734,0.0,0.0,-0.003030190154977297,1.2348805786256156,343.8693618774414,361.1661666568857,326.5725570979971,333.837762021918,341.69023592359036,337.76399897275417,338.2055781329864,366.1767578125
2020-10-05 00:00:00+05:30,345.70000514693146,362.0732525325987,345.652252233587,359.8296813964844,4331809,0.0,0.0,0.04144778646065661,1.2860636451529022,344.0149520874023,361.79618633430454,326.2337178405001,339.99561726931483,341.69023592359036,340.84292659645257,338.539708581961,355.6375732421875
2020-10-06 00:00:00+05:30,360.6889359345468,362.12099898744,350.1871402133299,352.0965576171875,5268046,0.0,0.0,-0.02149106696614056,1.2584247652322023,343.95289611816406,361.61045127349945,326.2953409628287,340.0194904967355,341.69023592359036,340.85486321016293,338.8500027294243,361.4124755859375
2020-10-07 00:00:00+05:30,358.9704669239075,362.2642235538309,350.04393485816183,352.2875061035156,6193441,0.0,0.0,0.0005423185265438502,1.2591072322966492,344.0316589355469,361.8241179927402,326.2391998783536,340.09110277993096,341.69023592359036,340.89066935176066,338.92160057850367,360.2574462890625
2020-10-08 00:00:00+05:30,353.2422108735533,357.7770770942273,352.04882502600753,354.8174743652344,2796482,0.0,0.0,0.007181544102149662,1.2681495664147233,344.39683532714844,362.7571730606221,326.03649759367477,344.912395582532,341.69023592359036,343.3013157530612,338.92160057850367,355.44500732421875
2020-10-09 00:00:00+05:30,355.151645879433,360.927622014442,351.7624415581299,352.6216735839844,4043788,0.0,0.0,-0.006188536190835259,1.2603015769275738,344.6856353759766,363.3733303432848,325.99794040866834,349.99622168073074,341.69023592359036,345.8432288021605,339.82853525294433,356.79254150390625
2020-10-12 00:00:00+05:30,354.1492297955282,355.58129295016374,348.5164247456421,350.42584228515625,2637457,0.0,0.0,-0.006227159200142385,1.2524534783678554,344.7023422241211,363.4101439536557,325.9945404945865,350.42581762050844,340.09110277993096,345.2584602002197,342.6926856377137,364.8292541503906
2020-10-13 00:00:00+05:30,351.7624351618736,356.2973015254552,349.5665876519534,350.7122497558594,3233536,0.0,0.0,0.0008173126412007736,1.2534771244282412,344.5495910644531,363.0042886254476,326.09489350345865,350.42581762050844,340.09110277993096,345.2584602002197,343.59966949445646,363.0967712402344
2020-10-14 00:00:00+05:30,350.6167543357789,352.47844787136626,344.26794759285696,345.22265625,3168646,0.0,0.0,-0.015652699641032886,1.2338568234926603,344.4111587524414,362.8012363339773,326.0210811709055,352.7171494062805,340.09110277993096,346.40412609310573,344.4350270009654,353.5682373046875
2020-10-15 00:00:00+05:30,346.5592466157533,352.3829753198466,343.6951206106644,346.4160461425781,3067713,0.0,0.0,0.0034568701415527148,1.2381221063047432,344.33955535888674,362.6861774020623,325.9929333157112,352.97967208224765,340.09110277993096,346.5353874310893,344.4350270009654,360.3537292480469
2020-10-16 00:00:00+05:30,345.79547772702983,348.1822493040099,342.26304413894127,346.0818786621094,2517914,0.0,0.0,-0.0009646420371971498,1.2369277616738186,344.3801300048828,362.73851995771975,326.02174005204586,352.2636338463861,340.09110277993096,346.1773683131585,344.4350270009654,364.0592956542969
2020-10-19 00:00:00+05:30,346.5115157387415,350.04392025809074,345.7954842521361,347.9913024902344,2029318,0.0,0.0,0.005517260353262277,1.243752214173151,344.47560119628906,362.88876927125096,326.06243312132716,352.2636338463861,340.09110277993096,346.1773683131585,344.4350270009654,363.8667602539063
2020-10-20 00:00:00+05:30,349.3279104749228,351.9533594222595,346.654737746339,350.7122497558594,2573493,0.0,0.0,0.007819009400964472,1.2534771244282412,345.2894912719727,363.2851768137518,327.2938057301936,351.59533307669165,340.09110277993096,345.84321792831133,344.4350270009654,355.44500732421875
2020-10-21 00:00:00+05:30,352.2875215670393,352.5261987496728,342.78815804406685,344.029296875,3448266,0.0,0.0,-0.01905537341655894,1.2295916497531465,345.9673355102539,362.63820606505993,329.2964649554479,351.59533307669165,340.09110277993096,345.84321792831133,344.4350270009654,359.9206237792969
2020-10-22 00:00:00+05:30,345.60453035870086,346.5592390061006,339.7330780042717,340.5445861816406,3346711,0.0,0.0,-0.010129110296747568,1.2171369803128371,346.7501968383789,360.58996646922674,332.91042720753103,348.01518976486346,340.09110277993096,344.0531462723972,344.4350270009654,353.9050598144531
2020-10-23 00:00:00+05:30,342.2630438177439,344.172461077536,339.8762722430037,342.3585205078125,2752766,0.0,0.0,0.005326569265160286,1.2236201447436614,347.5139633178711,358.23193053205216,336.7959961036901,348.01518976486346,340.09110277993096,344.0531462723972,344.4350270009654,359.77618408203125
2020-10-26 00:00:00+05:30,342.9313846747364,345.4613569615336,330.09054070674995,334.0048522949219,4430418,0.0,0.0,-0.024400351422537492,1.1937633832042198,347.33972930908203,358.79978983018987,335.8796687879742,341.30836972821135,340.09110277993096,340.6997362540711,344.4350270009654,364.44427490234375
2020-10-27 00:00:00+05:30,334.1480313979225,342.0721016312005,334.1480313979225,340.3536376953125,4209038,0.0,0.0,0.019008063376231288,1.21645451324839,347.1416259765625,358.939645932848,335.34360602027704,341.30836972821135,340.09110277993096,340.6997362540711,344.4350270009654,375.0315551757813
2020-10-28 00:00:00+05:30,337.20310164721724,348.4686518897695,334.0048218918348,346.5592346191406,10855977,0.0,0.0,0.018232791533679515,1.2386338747986514,347.45667877197263,358.8268310740584,336.08652646988685,341.30836972821135,340.09110277993096,340.6997362540711,344.4350270009654,380.22900390625
2020-10-29 00:00:00+05:30,346.5592627357499,348.42095637981174,339.3989473899699,345.8432312011719,6146855,0.0,0.0,-0.0020660347393588463,1.2360748141839708,347.4208786010742,358.8067768222642,336.0349803798842,341.30836972821135,340.09110277993096,340.6997362540711,344.4350270009654,385.3782653808594
2020-10-30 00:00:00+05:30,346.98889341957,350.139420518543,338.9215931399666,340.4968566894531,4031863,0.0,0.0,-0.015458953737940373,1.2169663908148676,347.17026672363284,358.932031062512,335.40850238475366,341.30836972821135,340.09110277993096,340.6997362540711,343.59966119900855,379.2664794921875
2020-11-02 00:00:00+05:30,343.5996566535866,351.4282796785193,340.92648393723744,350.2348937988281,3509440,0.0,0.0,0.02859949194261291,1.2517710113034082,346.69052734375,357.0299824176245,336.35107226987543,341.30836972821135,344.912395582532,343.11038265537167,341.69023592359036,383.4533081054688
2020-11-03 00:00:00+05:30,351.33282138840417,360.6889555212184,351.33282138840417,354.1014709472656,5388506,0.0,0.0,0.011039954090520832,1.2655905058000427,346.79077301025393,357.3765815051488,336.20496451535905,345.3897481139842,346.1773821302904,345.7835651221373,341.69023592359036,388.9875793457031
2020-11-04 00:00:00+05:30,353.2422404701384,357.5861536650034,351.8101773330973,354.5788269042969,1965778,0.0,0.0,0.001348076741263693,1.267296618924876,346.905339050293,357.77552092181503,336.03515717877093,345.3897481139842,346.1773821302904,345.7835651221373,341.69023592359036,399.3824462890625
2020-11-05 00:00:00+05:30,358.428740861574,362.66366110315136,355.15630382820314,360.6905822753906,2496797,3.0,0.0,0.01723666194186868,1.2891405823253572,347.1989944458008,359.18137149974564,335.21661739185595,346.3771009049507,346.3771009049507,346.3771009049507,341.69023592359036,398.5643005371094
2020-11-06 00:00:00+05:30,359.9206003749966,368.1979323045574,359.00622959613173,366.224853515625,4301538,0.0,0.0,0.015343542393931653,1.308920565502004,347.8791534423828,362.3342695069978,333.4240373777678,351.1013770981961,349.1442365056537,350.12280680192487,341.69023592359036,393.1744079589844
2020-11-09 00:00:00+05:30,369.4973073433776,375.12784013201366,363.14491212985627,366.1767578125,4008366,0.0,0.0,-0.00013132834285634054,1.308748667133206,348.66669921875,365.1840987922898,332.14929964521025,354.56633101192426,352.6091904193818,353.587760715653,341.69023592359036,397.6499328613281
2020-11-10 00:00:00+05:30,369.8823140884809,370.9891933625985,353.7126066752474,355.6375732421875,4230895,0.0,0.0,-0.02878168629072042,1.2710806735623796,348.91296539306643,365.6926625983772,332.1332681877557,357.0247166359901,352.6091904193818,354.81695352768594,341.69023592359036,397.7943115234375
2020-11-11 00:00:00+05:30,357.3700340167382,362.5193254954904,350.6326509831788,361.4124755859375,3268102,0.0,0.0,0.01623816710676218,1.2917206939458614,349.72245635986326,367.2651066068766,332.1798061128499,357.0247166359901,352.6091904193818,354.81695352768594,341.69023592359036,393.9443664550781
2020-11-12 00:00:00+05:30,354.4825471487239,362.5192876602263,354.4825471487239,360.2574462890625,3167697,0.0,0.0,-0.003195875557428951,1.2875925153530547,350.4145263671875,368.47103650577765,332.3580162285973,358.0271620346256,352.6091904193818,355.3181762270037,341.69023592359036,381.9614562988281
2020-11-13 00:00:00+05:30,359.9686897736443,362.32678518566166,354.33815760185195,355.44500732421875,2058840,0.0,0.0,-0.01335833308767298,1.270392425651774,350.88268280029297,368.9512291047217,332.81413649586426,362.88024555759625,352.6091904193818,357.744717988489,341.69023592359036,383.9345397949219
2020-11-14 00:00:00+05:30,358.0437579411972,358.5249995513332,356.11879150065306,356.79254150390625,255616,0.0,0.0,0.003791118603217125,1.2752086340100486,351.32274475097654,369.51781836246903,333.12767113948405,362.88024555759625,352.6091904193818,357.744717988489,341.69023592359036,390.142578125
2020-11-17 00:00:00+05:30,360.3537130352572,366.70610818544185,358.5250007849792,364.8292541503906,3153244,0.0,0.0,0.02252488970932265,1.303932567847501,352.0285949707031,371.15593685253293,332.9012530888733,362.88024555759625,352.6091904193818,357.744717988489,341.69023592359036,386.2445373535156
2020-11-18 00:00:00+05:30,364.8292291750224,365.0217375556233,356.4075015451959,363.0967712402344,2807534,0.0,0.0,-0.004748749971245636,1.2977405181034287,352.98196868896486,372.32133244208563,333.6426049358441,362.88024555759625,352.6091904193818,357.744717988489,341.69023592359036,391.5381774902344
2020-11-19 00:00:00+05:30,359.00626193942594,365.2624032332765,352.0282581885926,353.5682373046875,4171433,0.0,0.0,-0.026242408884551982,1.2636846808013082,353.6331512451172,372.10175646290185,335.1645460273325,362.88024555759625,352.6091904193818,357.744717988489,341.69023592359036,392.0675659179688
2020-11-20 00:00:00+05:30,357.7550420510464,362.1343291663199,354.0013338120595,360.3537292480469,3477598,0.0,0.0,0.01919146356326107,1.2879366393083578,354.5329116821289,372.45624834038944,336.60957502386833,360.81092217288864,352.6091904193818,356.71005629613524,341.69023592359036,388.3138732910156
2020-11-23 00:00:00+05:30,360.3537292027155,365.64738716992935,358.18814185249164,364.0592956542969,2199453,0.0,0.0,0.010283136000791337,1.3011806669307677,356.03563385009767,371.696432780826,340.37483491936933,358.6693795843103,352.6091904193818,355.639285001846,341.69023592359036,387.5438537597656
2020-11-24 00:00:00+05:30,365.6473600398394,365.7436142339059,359.5355858748205,363.8667602539063,2117162,0.0,0.0,-0.0005288572567403449,1.300492528092731,357.21128997802737,371.43618236562793,342.9863975904268,359.3671831870172,352.6091904193818,355.9881868031995,341.69023592359036,390.8644104003906
2020-11-25 00:00:00+05:30,364.6848512250249,365.5510801654574,353.4238162540942,355.44500732421875,1752969,0.0,0.0,-0.02314515600108913,1.270392425651774,357.65557861328125,371.04357486185427,344.26758236470823,359.3671831870172,352.6091904193818,355.9881868031995,341.69023592359036,401.4998779296875
2020-11-26 00:00:00+05:30,356.0706907718869,362.2305777092112,354.3382032949578,359.9206237792969,2340679,0.0,0.0,0.012591586216867956,1.2863886814086243,358.3594482421875,370.609367708538,346.109528775837,359.3671831870172,352.6091904193818,355.9881868031995,341.69023592359036,403.9541931152344
2020-11-27 00:00:00+05:30,361.2199081283966,363.8186243370084,348.3226400184938,353.9050598144531,6419987,0.0,0.0,-0.01671358507239218,1.264888514745739,359.0298583984375,368.39691604658634,349.6628007502887,357.51437410196786,352.6091904193818,355.0617822606748,341.69023592359036,402.943603515625
2020-12-01 00:00:00+05:30,357.033130645648,361.2199087844032,348.9001364065575,359.77618408203125,3530432,0.0,0.0,0.016589545994782462,1.2858724409393854,359.50692291259764,367.95052530349943,351.06332052169586,357.0331271261998,352.6091904193818,354.8211587727908,341.69023592359036,402.1254577636719
2020-12-02 00:00:00+05:30,359.0062504417654,367.3317246378003,358.14002139566,364.44427490234375,3617752,0.0,0.0,0.012974985635091807,1.3025566173891343,360.02406311035156,368.3447650691361,351.70336115156704,357.82718232814705,354.56633101192426,356.19675667003565,341.69023592359036,408.7666320800781
2020-12-03 00:00:00+05:30,366.7060817661208,377.2933964627805,365.0698486548478,375.0315551757813,3634050,0.0,0.0,0.029050477679405162,1.3403965093287589,361.0466995239258,371.2715806735992,350.82181837425236,362.8080182406371,355.64910917730765,359.2285637089724,341.69023592359036,414.2046508789063
2020-12-04 00:00:00+05:30,377.3896958845263,383.3570745324486,376.13845001045183,380.22900390625,3631106,0.0,0.0,0.01385869711158727,1.358972658560975,362.02362060546875,375.2546849226124,348.7925562883251,365.8398572754712,361.1393338362076,363.4895955558394,341.69023592359036,407.1784973144531
2020-12-07 00:00:00+05:30,380.1808620026955,386.8219901732747,376.7159166263676,385.3782653808594,2758983,0.0,0.0,0.01354252679755863,1.3773765822066864,362.98129119873045,379.6565952603454,346.3059871371155,367.5723150958843,362.87179165662064,365.22205337625246,341.69023592359036,402.6067504882813
2020-12-08 00:00:00+05:30,384.9932660741018,390.57565668311423,376.47528418768127,379.2664794921875,3223013,0.0,0.0,-0.01585918677233067,1.3555325097336361,363.63577728271486,381.74354296695117,345.52801159847854,369.449148350804,365.7510703101758,367.6001093304899,341.69023592359036,403.23236083984375
2020-12-09 00:00:00+05:30,380.18087103940775,385.6188953455666,380.18087103940775,383.4533081054688,1907357,0.0,0.0,0.011039279344926989,1.3704966117697157,365.0265640258789,384.68723024261107,345.3658978091467,369.449148350804,369.449148350804,369.449148350804,341.69023592359036,401.3074035644531
2020-12-10 00:00:00+05:30,385.3782673462576,390.2388251291046,379.36274734718194,388.9875793457031,3979948,0.0,0.0,0.01443271220576392,1.3902765949463627,366.4053192138672,388.59308294247717,344.2175554852572,369.449148350804,369.449148350804,369.449148350804,341.69023592359036,395.6287231445313
2020-12-11 00:00:00+05:30,392.2119341488122,400.6336627961793,390.96071764169534,399.3824462890625,5433657,0.0,0.0,0.026722876244131166,1.4274287843382265,368.3615692138672,394.61149905825516,342.11163936947924,374.76689960136844,374.47815140733655,374.6225255043525,341.69023592359036,401.4998779296875
2020-12-14 00:00:00+05:30,402.2698667459824,405.0129203784739,396.3505715449477,398.5643005371094,4859693,0.0,0.0,-0.002048527068615802,1.4245046578349883,370.51753387451174,399.17007276449283,341.86499498453065,381.576470887067,376.66778019848385,379.1221255427754,341.69023592359036,401.2111206054688
2020-12-15 00:00:00+05:30,398.4680658384811,398.4680658384811,390.09444980730495,393.1744079589844,2274426,0.0,0.0,-0.013523269823367379,1.405240696982442,372.3366271972656,401.8881055476037,342.78514884692754,385.04138451666086,376.66778019848385,380.8545823575723,343.0579571552942,400.92236328125
2020-12-16 00:00:00+05:30,396.5430830428999,401.21113249208673,396.0618414372653,397.6499328613281,2722563,0.0,0.0,0.011383052436135799,1.4212366255215851,373.9776611328125,405.29155695741684,342.66376530820816,390.57568519446284,376.66778019848385,383.6217326964734,346.52291106902237,403.0398254394531
2020-12-17 00:00:00+05:30,397.5055783003695,399.3342905826678,393.7037577515814,397.7943115234375,1780735,0.0,0.0,0.0003630798100995314,1.4217526478456861,375.71253814697263,408.25696342604317,343.1681128679021,390.7441022830776,376.66778019848385,383.7059412407807,346.52291106902237,394.7624816894531
2020-12-18 00:00:00+05:30,398.56430349079005,403.2804653494625,391.8269210147847,393.9443664550781,2272389,0.0,0.0,-0.009678230575030589,1.4079925978991752,377.73134460449216,409.5231495186427,345.93953969034163,390.7441022830776,376.66778019848385,383.7059412407807,346.52291106902237,396.9761962890625
2020-12-21 00:00:00+05:30,393.6556210748078,393.6556210748078,374.74283244048814,381.9614562988281,2751655,0.0,0.0,-0.030417772600935034,1.3651645992324783,378.8117309570313,409.61042040706906,348.0130415069935,389.877876409481,376.66778019848385,383.27282830398246,346.52291106902237,396.01373291015625
2020-12-22 00:00:00+05:30,389.0838307517584,389.0838307517584,374.4540744697912,383.9345397949219,2867370,0.0,0.0,0.0051656612560144755,1.3722165771108161,379.8054931640625,409.90314244644765,349.7078438816774,389.73349742413257,376.66778019848385,383.2006388113082,346.52291106902237,400.0080261230469
2020-12-23 00:00:00+05:30,383.0683206011756,393.0300277777727,380.5177459490911,390.142578125,2317578,0.0,0.0,0.016169522891569255,1.3944046644666004,381.11928405761716,410.600275956774,351.63829215846033,389.73349742413257,376.66778019848385,383.2006388113082,346.52291106902237,401.3074035644531
2020-12-24 00:00:00+05:30,392.693187226146,396.7837412597517,384.03083750792223,386.2445373535156,2539386,0.0,0.0,-0.009991323659719775,1.3804727161512915,382.65926055908204,409.7068695763401,355.61165154182396,389.73349742413257,376.66778019848385,383.2006388113082,346.52291106902237,407.8041687011719
2020-12-28 00:00:00+05:30,389.228223546245,392.837535762684,387.01452380255904,391.5381774902344,976824,0.0,0.0,0.0137054110149748,1.3993926621211037,384.2401382446289,409.3969560368811,359.0833204523767,388.8672699096268,376.66778019848385,382.76752505405534,346.52291106902237,400.1042785644531
2020-12-29 00:00:00+05:30,391.6344366973955,393.8962782564788,387.39951618383066,392.0675659179688,1250583,0.0,0.0,0.0013520735861003441,1.4012847439761402,386.1482635498047,407.23076722143054,365.0657598781789,388.8672699096268,376.66778019848385,382.76752505405534,346.52291106902237,398.4680786132813
2020-12-30 00:00:00+05:30,393.65564350144666,395.099368355364,385.9557776138879,388.3138732910156,2148370,0.0,0.0,-0.009574096286604217,1.3878687089123631,387.5751480102539,404.796268341868,370.3540276786398,388.8672699096268,376.66778019848385,382.76752505405534,346.52291106902237,392.8856506347656
2020-12-31 00:00:00+05:30,388.8432119514614,392.83751134821375,386.6295123453546,387.5438537597656,1749430,0.0,0.0,-0.001982982283697421,1.3851165898504918,388.730126953125,402.2576528065341,375.20260109971593,388.8672699096268,376.66778019848385,382.76752505405534,346.52291106902237,395.82122802734375
2021-01-01 00:00:00+05:30,388.4582025419453,392.01937254885166,386.725715260272,390.8644104003906,1081415,0.0,0.0,0.008568208754726747,1.396984557941966,389.52176971435546,401.49840096348555,377.54513846522536,385.6189078647715,376.66778019848385,381.14334403162763,346.52291106902237,397.3612060546875
2021-01-04 00:00:00+05:30,391.6825664994572,403.6654652209724,391.6825664994572,401.4998779296875,3483313,0.0,0.0,0.02721012004751766,1.4349966754680952,390.58531341552737,402.84967812435895,378.3209487066958,389.05976984538177,376.66778019848385,382.86377502193284,346.52291106902237,395.4362182617188
2021-01-05 00:00:00+05:30,400.82612285209393,406.7453883985826,395.4843237022149,403.9541931152344,3696376,0.0,0.0,0.006112866579692122,1.4437686186875334,391.5141098022461,404.8400577335305,378.18816187096166,393.63156717383686,377.5340142085382,385.58279069118754,346.52291106902237,400.9705200195313
2021-01-06 00:00:00+05:30,407.1304114941746,408.9591237800189,399.4786579688027,402.943603515625,3156306,0.0,0.0,-0.0025017430610532188,1.4401566805639654,392.69796600341795,405.6593246407719,379.736607366064,396.49498064397056,378.9296300932882,387.71230536862936,346.52291106902237,396.2062072753906
2021-01-07 00:00:00+05:30,404.724174078757,407.4672569952012,401.3554829746532,402.1254577636719,1588219,0.0,0.0,-0.002030422482985017,1.4372325540607271,393.63157348632814,406.48312642684533,380.78002054581094,397.4574506969534,383.54957258783946,390.50351164239646,346.52291106902237,395.099365234375
2021-01-08 00:00:00+05:30,403.0879576284492,409.8253401156569,403.0879576284492,408.7666320800781,2514098,0.0,0.0,0.016515179997157237,1.460968708388814,394.6205261230469,408.8740331607708,380.36701908532297,397.8905588647724,387.4475943852524,392.6690766250124,346.52291106902237,393.8962707519531
2021-01-11 00:00:00+05:30,410.9803262852751,416.27398388379737,408.86285149680367,414.2046508789063,3179547,0.0,0.0,0.013303480206189766,1.4804046766827272,395.36163635253905,411.9116799779162,378.8115927271619,401.11488074884267,395.36402917679425,398.23945496281846,347.60568923440576,400.6817626953125
2021-01-12 00:00:00+05:30,415.7446211096236,415.7446211096236,406.1197893151899,407.1784973144531,1821912,0.0,0.0,-0.016963000172847686,1.4552925718962737,395.79234619140624,413.0930190785643,378.4916733042482,401.451748114576,395.36402917679425,398.40788864568515,350.63752826923985,401.740478515625
2021-01-13 00:00:00+05:30,409.0554003128653,410.8841126985557,399.5268215683445,402.6067504882813,1974208,0.0,0.0,-0.011227868996827595,1.438952737546966,396.2639633178711,413.76873459998865,378.7591920357536,401.4998495720347,395.36402917679425,398.43193937441447,352.36998608965285,408.9110107421875
2021-01-14 00:00:00+05:30,404.5316897018387,406.74541875378674,400.2967693656065,403.23236083984375,2541779,0.0,0.0,0.0015538993094470488,1.4411887252121671,396.5430847167969,414.30629426453925,378.77987516905455,403.9782751916273,395.36402917679425,399.67115218421077,354.2468193445726,405.1091613769531
2021-01-15 00:00:00+05:30,405.7829448105393,405.7829448105393,397.6499495842245,401.3074035644531,2888933,0.0,0.0,-0.004773816445141854,1.4343087547751963,396.71873931884767,414.59832957696153,378.8391490607338,405.87915379300614,395.36402917679425,400.6215914849002,359.0681121471736,406.2641906738281
2021-01-18 00:00:00+05:30,401.2592559601344,402.7029808168194,389.9019655032749,395.6287231445313,2074676,0.0,0.0,-0.014150450177303542,1.4140126402018796,396.80295715332034,414.6449024909195,378.9610118157212,403.0879746935361,395.36402917679425,399.2260019351652,360.3330986949321,408.4778747558594
2021-01-19 00:00:00+05:30,397.60183255443775,402.79923617899,395.82123268484975,401.4998779296875,2213374,0.0,0.0,0.014840062011906463,1.434996675468095,397.7798782348633,414.34489959083317,381.21485687889344,403.0879746935361,395.36402917679425,399.2260019351652,365.3621017514646,394.4256286621094
2021-01-20 00:00:00+05:30,401.5479955939637,406.3122697250018,397.5536668874107,401.2111206054688,1613007,0.0,0.0,-0.0007191965429919067,1.4339646308198934,398.6437072753906,413.9735647385214,383.31384981225983,403.0879746935361,395.36402917679425,399.2260019351652,367.55173054261195,382.63519287109375
2021-01-21 00:00:00+05:30,403.2804588589627,408.2853832239359,398.7086636809673,400.92236328125,1647176,0.0,0.0,-0.0007197141589272427,1.4329325861716915,399.1826965332031,414.0241089666044,384.34128409980184,403.0879746935361,395.36402917679425,399.2260019351652,367.55173054261195,386.7257385253906
2021-01-22 00:00:00+05:30,400.3929967350746,406.6010248998608,397.6018014304429,403.0398254394531,1835701,0.0,0.0,0.005281476794841922,1.44050058637413,400.0224609375,413.6818235243648,386.3630983506352,402.8232933064493,395.36402917679425,399.09366124162176,367.55173054261195,391.4419250488281
2021-01-25 00:00:00+05:30,404.24294715804814,408.0928799881248,391.8269196555823,394.7624816894531,3025651,0.0,0.0,-0.020537284971714254,1.4109166153298431,400.1836761474609,413.50707368681964,386.8602786081022,400.3930391009153,395.36402917679425,397.8785341388548,367.55173054261195,393.7037353515625
2021-01-27 00:00:00+05:30,396.54306711232914,401.9329787534356,387.1588561794524,396.9761962890625,4684117,0.0,0.0,0.0056077127444720265,1.4188286304150157,400.4291076660156,413.3144084341271,387.5438068979042,397.72211970169417,395.36402917679425,396.5430744392442,367.55173054261195,391.7306823730469
2021-01-28 00:00:00+05:30,395.33998290659656,399.9598906169414,388.1213587512722,396.01373291015625,3473853,0.0,0.0,-0.0024244863745065404,1.4153886997328147,400.81410064697263,412.6334174424277,388.9947838515176,397.72211970169417,395.36402917679425,396.5430744392442,367.55173054261195,386.485107421875
2021-01-29 00:00:00+05:30,400.3930135307567,405.686671161572,398.0830597118413,400.0080261230469,5304926,0.0,0.0,0.010086249240747414,1.4296646629308571,401.4373092651367,411.5690220759297,391.30559645434374,397.72211970169417,398.3958649164442,398.0589923090692,367.55173054261195,385.4264221191406
2021-02-01 00:00:00+05:30,401.2592617782711,404.7723197726115,398.70868703567646,401.3074035644531,2926362,0.0,0.0,0.003248378423803322,1.4343087547751958,401.95945892333987,410.8448697572906,393.0740480893891,397.72211970169417,400.15241069585977,398.93726519877697,367.55173054261195,386.2445373535156
2021-02-02 00:00:00+05:30,403.28048563354616,414.30093070123496,403.039864818729,407.8041687011719,3204628,0.0,0.0,0.016188998954451916,1.4575287777066126,402.27467346191406,411.51658607953794,393.0327608442902,400.7298934403437,401.11488074884267,400.9223870945932,367.55173054261195,388.62933349609375
2021-02-03 00:00:00+05:30,408.8628521989239,410.7397061906855,398.2755369836982,400.1042785644531,2372737,0.0,0.0,-0.018881342388535116,1.430008677813591,402.082177734375,411.3366475239836,392.8277079447665,400.7298934403437,401.11488074884267,400.9223870945932,367.55173054261195,383.421630859375
2021-02-04 00:00:00+05:30,400.15242435621184,402.70299917811775,397.0724661057896,398.4680786132813,1578268,0.0,0.0,-0.004089433777220264,1.424160752024822,401.8584014892578,411.23569428863505,392.48110868988056,400.7298934403437,401.11488074884267,400.9223870945932,367.55173054261195,381.9129028320313
2021-02-05 00:00:00+05:30,399.7673995814808,401.25923677968166,390.76817586378127,392.8856506347656,1683298,0.0,0.0,-0.014009724437508808,1.404208652334239,401.3964111328125,411.5617660398299,391.2310562257951,400.7298934403437,401.451748114576,401.09082077745984,367.55173054261195,384.3464050292969
2021-02-08 00:00:00+05:30,394.81063238569845,398.4199444953703,393.1743991469177,395.82122802734375,1605165,0.0,0.0,0.007471836621763206,1.4147006699673468,400.74914093017577,410.5950478787266,390.90323398162496,400.7298934403437,401.4998495720347,401.11487150618916,367.55173054261195,381.1341552734375
2021-02-09 00:00:00+05:30,397.9868142775694,403.28047202491314,396.3024686306873,397.3612060546875,1596161,0.0,0.0,0.003890589787259646,1.420204689945951,399.90696868896487,407.6392390893507,392.174698288579,401.21114472625356,401.7164200316249,401.46378237893924,367.55173054261195,375.3424377441406
2021-02-10 00:00:00+05:30,398.4680343879657,401.1629755284839,393.0781227342737,395.4362182617188,1825990,0.0,0.0,-0.004844428101277165,1.4133246104364112,399.3198547363282,406.5132259783664,392.12648349428997,402.5345532825081,401.7164200316249,402.1254866570665,367.55173054261195,384.3950500488281
2021-02-11 00:00:00+05:30,396.9280786991553,402.654865674245,392.5487917459625,400.9705200195313,1851525,0.0,0.0,0.013995434667417372,1.4331047026856272,399.23804321289066,406.31505090988173,392.1610355158996,402.5345532825081,401.7164200316249,402.1254866570665,368.41796455266626,391.01416015625
2021-02-12 00:00:00+05:30,401.3554983202173,401.49986492709616,394.6181158544103,396.2062072753906,1406466,0.0,0.0,-0.011881952677988972,1.4160766204257131,398.886735534668,405.83062853441197,391.942842534924,402.5345532825081,401.7164200316249,402.1254866570665,369.5248322433844,389.4567260742188
2021-02-15 00:00:00+05:30,399.43053976191385,401.7886354204145,394.0887695936788,395.099365234375,1208693,0.0,0.0,-0.0027936009600331158,1.4121206674194113,398.5763336181641,405.6150492821863,391.53761795414187,400.7539410272334,401.7164200316249,401.23518052942916,369.5248322433844,390.040771484375
2021-02-16 00:00:00+05:30,397.2649621328495,397.7462037586918,390.4794669575357,393.8962707519531,1358750,0.0,0.0,-0.0030450428127318796,1.4078206995303757,398.4897109985352,405.71363132446174,391.26579067260866,396.8799694912244,401.7164200316249,399.29819476142467,371.91508100374585,387.4125671386719
2021-02-17 00:00:00+05:30,393.0781509428669,402.3179959590415,392.2119218978694,400.6817626953125,2123650,0.0,0.0,0.0172265960538438,1.4320726580374252,398.44880523681644,405.6124451764079,391.285165297225,396.8799694912244,401.451738644538,399.16585406788124,375.1394028878161,391.1601867675781
2021-02-18 00:00:00+05:30,404.24294068966367,405.2054238817819,399.7192579376455,401.740478515625,2569355,0.0,0.0,0.002642286020683171,1.4358566036023601,398.4752731323243,405.6838004666762,391.26674579797236,397.8424454196588,400.7298934403437,399.2861694300012,377.59778851188196,397.3412780761719
2021-02-19 00:00:00+05:30,403.0879695115568,411.8465728776634,401.3555114271215,408.9110107421875,4620093,0.0,0.0,0.01784866751056957,1.4614847307129144,398.87470550537114,407.3674260081129,390.3819850026294,401.1630199175995,400.7298934403437,400.9464566789716,377.59778851188196,400.3587646484375
2021-02-22 00:00:00+05:30,412.2796727601887,417.6695844000044,400.0080123124423,405.1091613769531,5212684,0.0,0.0,-0.009297498148396421,1.4478965791352014,398.97817230224615,407.7208362200106,390.2355083844817,404.07452567877004,402.4142202897284,403.24437298424925,378.60023391051743,396.4165649414063
2021-02-23 00:00:00+05:30,406.3123030878541,409.0553862584719,401.4517743649049,406.2641906738281,2224637,0.0,0.0,0.002851155705659858,1.452024757728008,399.5532577514649,408.6217151433504,390.4848003595794,404.07452567877004,402.4142202897284,403.24437298424925,382.2983119511456,391.74420166015625
2021-02-24 00:00:00+05:30,406.2641750877452,410.4990954025958,399.5749049259085,408.4778747558594,1032212,0.0,0.0,0.005448878175454253,1.4599366637406115,400.12834167480474,409.90898111936076,390.34770223024873,404.07452567877004,402.4142202897284,403.24437298424925,382.2983119511456,392.2796020507813
2021-02-25 00:00:00+05:30,406.1679361969616,412.6646982095907,390.8644582195224,394.4256286621094,6334193,0.0,0.0,-0.03440148649948005,1.4097126723128428,400.04893646240237,409.9881382969662,390.1097346278385,404.07452567877004,402.4142202897284,403.24437298424925,382.2983119511456,397.1465759277344
2021-02-26 00:00:00+05:30,392.6931542825402,397.2649495836237,376.0422063034463,382.63519287109375,4933943,0.0,0.0,-0.029892671607087862,1.3675725943390447,399.18029479980476,411.71216721926834,386.6484223803412,396.85589535172534,396.85589535172534,396.85589535172534,382.2983119511456,403.6196594238281
2021-03-01 00:00:00+05:30,385.8595095187695,387.591996904668,381.1914601180285,386.7257385253906,1971538,0.0,0.0,0.010690458511156686,1.3821925724198212,398.4512115478516,412.06540604737256,384.8370170483306,396.85589535172534,396.85589535172534,396.85589535172534,382.2983119511456,409.4114074707031
2021-03-02 00:00:00+05:30,386.9182423076121,392.7412538569603,385.9557591177922,391.4419250488281,2414479,0.0,0.0,0.012195171031079033,1.399048647238368,397.63309936523444,410.857555864937,384.4086428655319,396.85589535172534,396.85589535172534,396.85589535172534,382.2983119511456,396.5625
2021-03-03 00:00:00+05:30,392.6931397556654,395.09934771985456,390.09442340527886,393.7037353515625,3291643,0.0,0.0,0.005778150366627877,1.4071325606923386,397.3130722045899,410.5931010110093,384.0330433981705,396.85589535172534,396.85589535172534,396.85589535172534,382.2983119511456,410.0927734375
2021-03-04 00:00:00+05:30,392.6931656221207,396.543098618416,388.5544994001663,391.7306823730469,2464082,0.0,0.0,-0.00501151704022762,1.4000806918865698,396.9762023925781,410.4643967828207,383.4880080023355,396.85589535172534,396.85589535172534,396.85589535172534,382.2983119511456,412.03955078125
2021-03-05 00:00:00+05:30,389.8056861268324,391.730652478076,384.9932702487234,386.485107421875,1717183,0.0,0.0,-0.013390768676568743,1.3813325352129864,396.6561752319336,410.8120104301036,382.5003400337636,394.3534522565185,396.85589535172534,395.60467380412194,382.2983119511456,412.67230224609375
2021-03-08 00:00:00+05:30,388.7951134321517,389.4688340711596,384.9932929155478,385.4264221191406,1368015,0.0,0.0,-0.0027392654526756655,1.3775486987206205,396.1364349365234,411.12482869335906,381.14804117968777,394.3534522565185,396.85589535172534,395.60467380412194,382.2983119511456,408.72998046875
2021-03-09 00:00:00+05:30,385.426450044922,388.4101247830716,384.0789499239597,386.2445373535156,1546208,0.0,0.0,0.0021226236381950425,1.3804727161512897,395.58060150146486,411.1653210992761,379.9958819036536,394.3534522565185,396.85589535172534,395.60467380412194,382.2983119511456,399.2880554199219
2021-03-10 00:00:00+05:30,389.5540739114518,391.8415365180767,387.5099312130248,388.62933349609375,1673234,4.5,0.0,0.006174316817315617,1.388996192058468,395.2402572631836,411.1204550546922,379.360059471675,386.65357794353497,396.85589535172534,391.7547366476301,382.2983119511456,400.407470703125
2021-03-12 00:00:00+05:30,388.6293183361528,390.3327655674321,381.96153323256414,383.421630859375,2170868,0.0,0.0,-0.013400179008286606,1.370383394443056,394.3628128051758,410.8148664405267,377.91075916982487,388.8672793682223,396.85589535172534,392.8615873599738,382.2983119511456,400.65081787109375
2021-03-15 00:00:00+05:30,383.5190043966002,386.34185407156446,378.9927073670826,381.9129028320313,1359623,0.0,0.0,-0.00393490587362566,1.3649910647751429,393.6481475830078,410.9471960524676,376.34909911354805,387.7679029927493,396.85589535172534,392.3118991722373,382.2983119511456,395.54046630859375
2021-03-16 00:00:00+05:30,382.05891260503097,386.0498524103384,379.8201079293966,384.3464050292969,2210581,0.0,0.0,0.00637187740770262,1.3736886205024996,393.1104995727539,410.86314056544563,375.35785858006216,387.7679029927493,396.85589535172534,392.3118991722373,382.2983119511456,396.5138549804688
2021-03-17 00:00:00+05:30,384.6383956719026,385.8551437473583,376.1211591437127,381.1341552734375,2364847,0.0,0.0,-0.008357694293028461,1.3622077509585278,392.47239379882814,410.9760551652599,373.9687324323964,386.33212888106436,396.85589535172534,391.5940121163949,382.2983119511456,400.45611572265625
2021-03-18 00:00:00+05:30,382.5455801311575,382.7402716980076,372.6169043370515,375.3424377441406,1382602,0.0,0.0,-0.015196007623986652,1.3415076315895083,391.2054275512695,410.7399514172085,371.67090368533053,382.2292204275641,395.1432443685279,388.686232398046,382.2983119511456,398.9473876953125
2021-03-19 00:00:00+05:30,373.7850126618199,385.660485883902,369.0153660976525,384.3950500488281,2834530,0.0,0.0,0.02411827545825873,1.3738624821775403,390.33815612792966,409.45603735003715,371.2202749058222,380.4284513078646,393.34247524882846,386.8854632783465,382.2983119511456,400.5047912597656
2021-03-22 00:00:00+05:30,384.3950330266864,392.2309081904607,383.5189803832072,391.01416015625,1625660,0.0,0.0,0.017219550841201192,1.3975197770382153,389.4433135986328,406.54893536008166,372.33769183718397,380.6231371440566,393.34247524882846,386.98280619644254,382.2983119511456,433.308349609375
2021-03-23 00:00:00+05:30,390.77081992384336,392.036226027474,388.4346398775048,389.4567260742188,947847,0.0,0.0,-0.003983063123363162,1.3919533675501237,388.6606918334961,404.1688970390689,373.15248662792334,380.6231371440566,393.34247524882846,386.98280619644254,382.5870601451775,448.4933776855469
2021-03-24 00:00:00+05:30,385.95248610486806,394.7130721703001,385.95248610486806,390.040771484375,1872518,0.0,0.0,0.001499641349228753,1.3940407983763001,387.8495208740234,401.0999397634804,374.59910198456646,381.8642191339763,393.34247524882846,387.60334719140235,387.20700263972867,443.1882934570313
2021-03-25 00:00:00+05:30,391.1601569579245,392.3769049702947,383.5189734990872,387.4125671386719,2305425,0.0,0.0,-0.006738281066620222,1.384647359658505,386.79625549316404,396.0206076501628,377.5719033361653,381.8642191339763,393.34247524882846,387.60334719140235,390.6719162693226,463.0942993164063
2021-03-26 00:00:00+05:30,388.0939874838878,393.0582959880701,386.3905401367527,391.1601867675781,1001171,0.0,0.0,0.009673459115137062,1.3980416892810439,386.6329833984375,395.41150486867366,377.8544619282013,381.8642191339763,393.34247524882846,387.60334719140235,395.36402917679425,461.244873046875
2021-03-30 00:00:00+05:30,392.8149513037173,399.0447254447149,392.3769398038364,397.3412780761719,1467822,0.0,0.0,0.015801943852395306,1.4201334655583708,387.36828765869143,397.10631579248684,377.630259524896,384.0300457711837,393.34247524882846,388.6862605100061,395.36402917679425,458.2273254394531
2021-03-31 00:00:00+05:30,399.7260616064999,401.4781966138995,396.1245052185213,400.3587646484375,1052705,0.0,0.0,0.007594193552896256,1.4309182339667665,388.04993896484376,399.31877878931556,376.78109914037196,385.24678135577597,393.34247524882846,389.2946283023022,395.36402917679425,466.8419189453125
2021-04-01 00:00:00+05:30,400.35881724083737,400.65085463331496,395.39450833215136,396.4165649414063,645008,0.0,0.0,-0.00984666767690956,1.4168284576440655,388.29867095947264,400.06997575141077,376.5273661675345,385.24678135577597,390.84003215362156,388.04340675469876,396.0618294348978,456.3291931152344
2021-04-05 00:00:00+05:30,400.31009577870896,405.907136631542,388.3859652661517,391.74420166015625,2105709,0.0,0.0,-0.011786498583732707,1.4001290110346516,388.20069427490233,399.8204282841238,376.58096026568086,394.7130550653146,390.84003215362156,392.7765436094681,396.0618294348978,461.9262390136719
2021-04-06 00:00:00+05:30,392.133598214496,394.7617563849255,388.5806995713182,392.2796020507813,1032326,0.0,0.0,0.0013667091646949459,1.4020425801857879,388.22814025878904,399.88402510637684,376.57225541120124,394.7130550653146,390.84003215362156,392.7765436094681,396.0618294348978,461.63421630859375
2021-04-07 00:00:00+05:30,392.2309255344638,402.5002675149955,391.2088393170738,397.1465759277344,1687852,0.0,0.0,0.012406900209720906,1.4194375825679326,388.761213684082,401.0159311700985,376.5064961980655,394.7130550653146,387.4612513645973,391.08715321495595,396.0618294348978,459.97943115234375
2021-04-08 00:00:00+05:30,397.1952237433559,404.5443998292173,397.1465657033936,403.6196594238281,1917274,0.0,0.0,0.016298978484134308,1.442572965185779,389.6708755493164,403.42665508032286,375.91509601830995,394.7130550653146,387.4612513645973,391.08715321495595,396.0618294348978,460.9528198242188
2021-04-09 00:00:00+05:30,405.9071669943473,410.5794678256456,404.9337685123464,409.4114074707031,1583730,0.0,0.0,0.01434951918631211,1.4632731936273675,390.82921905517577,406.96033641368217,374.69810169666937,398.48500398119916,389.79741696164905,394.1412104714241,396.0618294348978,456.572509765625
2021-04-12 00:00:00+05:30,403.96033373976,408.7786676751051,395.1997481887772,396.5625,1469250,0.0,0.0,-0.03138385310287817,1.4173500426691867,391.2258773803711,407.5121993143332,374.93955544640903,399.48271654589865,389.79741696164905,394.64006675377385,396.0618294348978,447.4712829589844
2021-04-13 00:00:00+05:30,396.1731868624756,412.7209612523088,396.1731868624756,410.0927734375,2833579,0.0,0.0,0.03411889282899927,1.4657084568761942,392.55943450927737,410.3838453572802,374.7350236612745,400.5534632592303,390.8681636749807,395.7108134671055,396.0618294348978,447.8606262207031
2021-04-15 00:00:00+05:30,410.38479124461327,413.889031595378,406.1018440184623,412.03955078125,1234047,0.0,0.0,0.004747163251455522,1.4726664142000245,394.0657669067383,413.10105119990686,375.03048261356975,401.1374984307648,391.4521988465152,396.29484863864,396.0618294348978,451.12152099609375
2021-04-16 00:00:00+05:30,415.3491480970206,416.2252007979892,411.2608625514811,412.67230224609375,1321942,0.0,0.0,0.0015356571077800307,1.4749279248463798,395.4820617675781,415.60988457510075,375.35423896005545,402.30558303207044,392.62028344782084,397.46293323994564,396.0618294348978,446.9359130859375
2021-04-19 00:00:00+05:30,412.67226179532696,412.67226179532696,403.42497703492194,408.72998046875,1170059,0.0,0.0,-0.009553153327438002,1.4608377122334024,396.8618530273437,416.6429832286824,377.08072282600506,402.4029501846537,392.62028344782084,397.5116168162373,396.85589535172534,460.5634765625
2021-04-20 00:00:00+05:30,413.9863482262962,413.9863482262962,396.61120968679546,399.2880554199219,1881478,0.0,0.0,-0.02310064223328978,1.4270914228822011,398.0591339111328,415.1780017089046,380.94026611336096,403.7170200575315,392.62028344782084,398.16865175267617,396.85589535172534,458.5193481445313
2021-04-22 00:00:00+05:30,400.0667752939602,406.2965196250248,399.1420348556224,400.407470703125,1732046,0.0,0.0,0.0028035280995968304,1.4310923137869451,398.85975494384763,414.7917470696711,382.9277628180242,405.7124744933832,392.62028344782084,399.166378970602,396.85589535172534,462.5589599609375
2021-04-23 00:00:00+05:30,400.4074682525746,403.9603667418015,398.31466747446257,400.65081787109375,974146,0.0,0.0,0.0006077488203239945,1.431962058452424,399.34158782958986,414.8687485173458,383.8144271418339,405.7124744933832,392.62028344782084,399.166378970602,396.85589535172534,467.9126586914063
2021-04-26 00:00:00+05:30,402.1109058495812,403.2303081265227,393.88567706041016,395.54046630859375,780607,0.0,0.0,-0.01275512574678983,1.4136972023322314,399.6457748413086,414.6085237510349,384.6830259315823,405.0554389291997,392.62028344782084,398.83786118851026,396.85589535172534,477.9386291503906
2021-04-27 00:00:00+05:30,395.19976116352615,398.9960090857671,391.8415247097577,396.5138549804688,1357138,0.0,0.0,0.0024609079342987616,1.4171761809941468,399.9694290161133,414.3496345223672,385.5892235098594,404.03336275387346,392.62028344782084,398.32682310084715,396.85589535172534,483.2436828613281
2021-04-28 00:00:00+05:30,399.19070962206666,402.9869576295987,397.4385745915236,400.45611572265625,1013196,0.0,0.0,0.009942302627436783,1.4312661754619858,400.6216064453125,413.78359923386455,387.4596136567605,404.03336275387346,392.62028344782084,398.32682310084715,396.85589535172534,473.94769287109375
2021-04-29 00:00:00+05:30,402.8896398025254,403.4250268097463,396.65989524172255,398.9473876953125,717046,0.0,0.0,-0.0037675240010285327,1.4258738457940725,401.0109664916992,413.46456270567927,388.55737027771914,404.03336275387346,392.62028344782084,398.32682310084715,395.1432443685279,476.2838745117188
2021-04-30 00:00:00+05:30,398.9473478486801,410.968824260878,391.0141566773613,400.5047912597656,6159980,0.0,0.0,0.0039037818331137952,1.4314401462095956,401.1691421508789,413.5109362323303,388.82734806942744,402.5002524518287,399.8720871485382,401.18616980018345,393.34247524882846,475.1157836914063
2021-05-03 00:00:00+05:30,408.8760405696747,441.9229325394581,405.03113420033486,433.308349609375,21636785,0.0,0.0,0.08190553288121127,1.5486830141724515,402.8166213989258,421.5264797075675,384.1067630902841,416.46854460840973,412.72095301927266,414.5947488138412,393.34247524882846,474.3370666503906
2021-05-04 00:00:00+05:30,440.94953899414594,451.6569229432312,432.1889521267126,448.4933776855469,7944787,0.0,0.0,0.03504439295910422,1.6029556702902008,405.4204620361328,432.5534934050042,378.2874306672614,421.33553981029627,417.5879482211592,419.46174401572773,393.34247524882846,482.3675842285156
2021-05-05 00:00:00+05:30,453.6036685441044,455.20977001303294,439.63539512739845,443.1882934570313,4410455,0.0,0.0,-0.011828679067442449,1.5839948221070008,407.99266662597654,438.9770834868942,377.0082497650589,423.1119633451971,419.3643717560601,421.23816755062865,393.34247524882846,479.1553955078125
2021-05-06 00:00:00+05:30,445.4271238963548,464.7004007717269,443.577672835508,463.0942993164063,6815727,0.0,0.0,0.04491545953098375,1.6551406774366355,411.5334014892578,449.91702919795057,373.14977378056506,427.85727872454413,425.54547045423976,426.70137458939195,393.34247524882846,481.6375427246094
2021-05-07 00:00:00+05:30,464.3110723001572,465.8685158003881,455.8911814375441,461.244873046875,2909662,0.0,0.0,-0.003993627803800082,1.648530661608024,414.73831634521486,458.20755400180184,371.26907868862787,428.44133623887467,427.12724053326986,427.78428838607226,393.34247524882846,492.68560791015625
2021-05-10 00:00:00+05:30,460.4174719763385,461.7315658396224,455.5504796721488,458.2273254394531,1423765,0.0,0.0,-0.006542181352583221,1.6377456750544903,417.4686996459961,464.5519487054313,370.38545058656086,428.44133623887467,427.12724053326986,427.78428838607226,393.34247524882846,492.490966796875
2021-05-11 00:00:00+05:30,458.7626937033082,474.6291068186096,452.6302951353925,466.8419189453125,5488935,0.0,0.0,0.018799824950634925,1.6685350070591742,420.34022521972656,471.94684078037676,368.73360965907636,432.82163174798546,431.50753604238065,432.16458389518306,393.34247524882846,504.5123901367188
2021-05-12 00:00:00+05:30,468.1560083489584,471.6115610522784,453.7010350566677,456.3291931152344,2360087,0.0,0.0,-0.022518812907436514,1.6309615794057004,423.3285598754883,476.0039260337041,370.6531937172725,432.82163174798546,431.50753604238065,432.16458389518306,393.34247524882846,507.28662109375
2021-05-14 00:00:00+05:30,461.3908817294139,466.4525657319579,455.063791579116,461.9262390136719,2137786,0.0,0.0,0.01226536891104435,1.650965924856851,425.92023315429685,480.81404176394966,371.02642454464404,439.83012050947224,431.60490319496387,435.7175118522181,393.34247524882846,506.1672058105469
2021-05-17 00:00:00+05:30,461.9262239621716,465.77115973360486,456.134520990614,461.63421630859375,1481703,0.0,0.0,-0.0006321847091901311,1.6499222094437624,428.39996643066405,485.033865252389,371.7660676089391,453.40902947266113,432.82163174798546,443.1153306103233,393.34247524882846,502.1275634765625
2021-05-18 00:00:00+05:30,465.9658554558672,467.96131041986587,456.2318708397493,459.97943115234375,2531987,0.0,0.0,-0.0035846241413435287,1.6440078584604514,430.76532287597655,488.52687047144394,373.00377528050916,457.13225097300403,432.82163174798546,444.9769413604947,393.34247524882846,501.7868957519531
2021-05-19 00:00:00+05:30,459.97942138328006,462.8996167060962,453.6036734774368,460.9528198242188,3179272,0.0,0.0,0.002116156953880566,1.6474868371223668,433.37646484375,491.6422646309957,375.1106650565043,459.1033898270588,432.82163174798546,445.9625107875221,393.34247524882846,503.0036315917969
2021-05-20 00:00:00+05:30,462.36424215492303,463.2889825215376,455.64779910477233,456.572509765625,1356821,0.0,0.0,-0.009502729715948344,1.6318312149986103,436.24068756103514,493.122761332869,379.3586137892013,463.62970097700105,432.82163174798546,448.22566636249326,393.34247524882846,498.0393371582031
2021-05-21 00:00:00+05:30,457.2052675375504,457.7892828476535,445.4271402563328,447.4712829589844,2488470,0.0,0.0,-0.01993380374852749,1.5993026118081068,438.5938781738281,493.17468065777814,384.01307568987806,460.0281235374712,432.82163174798546,446.42487764272835,393.34247524882846,495.9951477050781
2021-05-24 00:00:00+05:30,449.6127315227127,451.0241711368269,444.5510774803724,447.8606262207031,834420,0.0,0.0,0.0008700966442900526,1.6006941596438453,440.9543685913086,492.7501945898869,389.15854259273027,459.590092149491,432.82163174798546,446.20586194873823,393.34247524882846,523.3963623046875
2021-05-25 00:00:00+05:30,449.7100813692314,454.8690812428936,447.7632844801871,451.12152099609375,2097702,0.0,0.0,0.0072810481307719055,1.6123488908628576,443.7334213256836,491.22528656821737,396.2415560831498,458.0813192663254,432.82163174798546,445.45147550715546,393.34247524882846,516.679931640625
2021-05-26 00:00:00+05:30,453.0196536803387,455.0637964612104,445.8165107577206,446.9359130859375,1086797,0.0,0.0,-0.009278227074856149,1.5973891517295395,446.25452423095703,488.45676842868386,404.0522800332302,456.25619395011915,432.82163174798546,444.5389128490523,393.34247524882846,520.6708984375
2021-05-27 00:00:00+05:30,450.0994430912662,463.33766812160775,449.4667400318327,460.5634765625,6639465,0.0,0.0,0.030491090730366377,1.6460952892866278,449.25989227294923,486.1626185538846,412.35716599201385,456.25619395011915,432.82163174798546,444.5389128490523,393.34247524882846,506.0211791992188
2021-05-28 00:00:00+05:30,462.3642840733417,464.99247188616965,455.8425022893698,458.5193481445313,1134083,0.0,0.0,-0.0044383207136298175,1.6387893904675785,452.23849029541014,481.0735002869277,423.4034803038926,456.25619395011915,432.82163174798546,444.5389128490523,393.34247524882846,516.4364624023438
2021-05-31 00:00:00+05:30,461.2935241397895,467.2312606854869,458.6166783754456,462.5589599609375,2255039,0.0,0.0,0.008810122915757113,1.6532273264306365,455.34119873046876,471.86178277819914,438.8206146827384,455.89116908292965,432.82163174798546,444.35640041545753,393.34247524882846,512.2996215820312
2021-06-01 00:00:00+05:30,462.8509747404356,470.4921587083232,461.39087702832063,467.9126586914063,1307085,0.0,0.0,0.01157408934619042,1.6723619272163082,457.0714141845703,471.02226411593364,443.12056425320696,457.5216180943478,432.82163174798546,445.17162492116665,393.34247524882846,518.2860717773438
2021-06-02 00:00:00+05:30,468.5939982808394,479.8854260104736,468.5939982808394,477.9386291503906,3186171,0.0,0.0,0.021427012654505972,1.708195647393686,458.5436767578125,474.6379284581859,442.44942505743904,462.218251745423,435.44979134391747,448.83402154467024,393.34247524882846,513.1270141601562
2021-06-03 00:00:00+05:30,480.810186683571,485.33648363304656,477.938649311512,483.2436828613281,2689526,0.0,0.0,0.011099863847306102,1.7271563865043167,460.5464462280273,478.39259367759047,442.7002987784642,464.9437805567095,438.17532015520396,451.55955035595673,393.34247524882846,517.79931640625
2021-06-04 00:00:00+05:30,480.8588277125686,482.3189253675663,472.0982417825825,473.94769287109375,2176435,0.0,0.0,-0.01923665082426329,1.6939316821782369,461.08911590576173,479.85859898071305,442.3196328308104,465.5764971953836,438.17532015520396,451.8759086752938,393.34247524882846,517.5072631835938
2021-06-07 00:00:00+05:30,474.0450698424075,478.2793592616189,469.470085006797,476.2838745117188,2108524,0.0,0.0,0.004929197199954327,1.7022814054829438,461.84106597900393,481.7579874091037,441.92414454890417,465.5764971953836,438.17532015520396,451.8759086752938,393.34247524882846,517.2152709960938
2021-06-08 00:00:00+05:30,477.9872912610303,478.9120316597517,473.655686033907,475.1157836914063,817978,0.0,0.0,-0.0024525096960504866,1.6981065438305905,462.68548889160155,483.34437001411646,442.02660776908664,467.40161183243964,445.18380891669074,456.2927103745652,393.34247524882846,517.8966674804688
2021-06-09 00:00:00+05:30,475.0184574675884,481.150855999311,472.0496039907216,474.3370666503906,1118288,0.0,0.0,-0.0016390047810356245,1.6953233390865443,463.0602462768555,484.27763381146167,441.8428587422493,470.5894929612082,458.7627178798796,464.6761054205439,405.4691493185553,520.0867309570312
2021-06-10 00:00:00+05:30,477.8899751768415,484.0710314955804,474.3370471123533,482.3675842285156,1705760,0.0,0.0,0.016929981109917946,1.7240251311924826,464.3621658325195,486.9350158044758,441.7893158605632,471.9765810042461,462.4859393802225,467.2312601922343,410.33614452044185,510.7421569824219
2021-06-11 00:00:00+05:30,482.3675985674588,482.46494435533737,475.3104596798374,479.1553955078125,731886,0.0,0.0,-0.006659213483096282,1.7125444797936487,465.22362365722654,488.66674532992386,441.7805019845292,473.36368033068356,464.4570782342773,468.91037928248045,412.1125680553427,512.0076293945312
2021-06-14 00:00:00+05:30,481.5888846842584,482.7569747103153,473.6556932324313,481.6375427246094,864570,0.0,0.0,0.005180255174140891,1.721415897196046,466.22378997802736,490.66562030782484,441.7819596482299,476.965240956943,464.9437805567095,470.95451075682627,416.8578834346897,515.8038330078125
2021-06-15 00:00:00+05:30,481.8322213897024,497.9419534750732,481.63752982198736,492.68560791015625,4334086,0.0,0.0,0.022938546532415893,1.760902675855518,467.85909881591795,494.6972049923255,441.0209926395104,483.7060192409351,471.2465154777228,477.476267359329,417.44194094902025,515.1224365234375
2021-06-16 00:00:00+05:30,492.6369706259311,498.0880079882156,485.9205271374751,492.490966796875,1545379,0.0,0.0,-0.00039506149592405393,1.7602070110102177,469.4360061645508,498.1284954252815,440.7435169038201,483.77904649750633,471.31954273429403,477.5492946159002,417.44194094902025,519.7461547851562
2021-06-17 00:00:00+05:30,495.9951539459673,508.1139761796842,492.5396014308817,504.5123901367188,5678797,0.0,0.0,0.02440942910695454,1.803172659259036,471.83300018310547,503.6972935381179,439.96870682809305,488.7920305932406,476.3325268300283,482.56227871163446,421.82223645813104,522.7149658203125
2021-06-18 00:00:00+05:30,504.5123998910673,510.9368652460752,495.8491597107015,507.28662109375,3128347,0.0,0.0,0.005498836126263118,1.8130880102196596,474.8237670898437,508.19004641979564,441.4574877598918,491.4932346183984,477.74397136322375,484.61860299081104,421.82223645813104,520.9628295898438
2021-06-21 00:00:00+05:30,500.42413105693146,513.2243447377132,500.42413105693146,506.1672058105469,1522019,0.0,0.0,-0.0022066721980358306,1.8090871193149158,477.7390960693359,511.36318089160244,444.1150112470694,492.6369743642174,478.8877111090428,485.7623427366301,421.82223645813104,516.0471801757812
2021-06-22 00:00:00+05:30,508.1139876706257,510.8881494708836,500.8621573819102,502.1275634765625,1192946,0.0,0.0,-0.007980845632848732,1.7946490742792884,480.2893981933594,513.1723660818822,447.40643030483653,493.44001898507224,478.8877111090428,486.1638650470575,421.82223645813104,513.808349609375
2021-06-23 00:00:00+05:30,502.2735949718871,505.6804895114251,499.9861324028077,501.7868957519531,1042655,0.0,0.0,-0.0006784485644458771,1.7934314971911596,483.03194732666014,513.3533515250328,452.71054312828744,493.44001898507224,478.8877111090428,486.1638650470575,421.82223645813104,532.1569213867188
2021-06-24 00:00:00+05:30,502.6142484606913,505.1937780283359,498.8180302842716,503.0036315917969,1033753,0.0,0.0,0.0024248059288602963,1.7977802205185536,485.153955078125,514.814600687914,455.49330946833607,493.44001898507224,478.8877111090428,486.1638650470575,421.82223645813104,521.2548828125
2021-06-25 00:00:00+05:30,502.2736265792392,502.56563424727,496.2872317384884,498.0393371582031,883218,0.0,0.0,-0.009869301376381423,1.7800373857137586,487.1299545288086,514.5908556030865,459.6690534545306,497.43093727985024,478.8877111090428,488.1593241944465,421.82223645813104,529.4314575195312
2021-06-28 00:00:00+05:30,499.1586925361232,499.8400833051146,492.7829448358603,495.9951477050781,1081689,0.0,0.0,-0.004104473885113369,1.7727312687495709,488.8017639160156,514.0331075663164,463.57042026571474,499.57243593759415,478.8877111090428,489.2300735233185,421.82223645813104,521.9849243164062
2021-06-29 00:00:00+05:30,497.4066116158402,528.9934034334373,497.4066116158402,523.3963623046875,8975819,0.0,0.0,0.05524492472636511,1.8706656742517147,491.57594909667966,519.1304501688423,464.0214480245169,510.7665024321595,487.40495709557894,499.0857297638692,421.82223645813104,517.750732421875
2021-06-30 00:00:00+05:30,528.5554056762467,529.3341126236659,513.6137618954996,516.679931640625,5003080,0.0,0.0,-0.012832398441761872,1.8466605469683897,493.5130142211914,522.3902831820781,464.63574526030465,511.0585287297631,487.57531169069324,499.3169202102282,421.82223645813104,510.4014892578125
2021-07-01 00:00:00+05:30,517.8480189305966,525.635207185192,516.1445714999038,520.6708984375,2035996,0.0,0.0,0.0077242535513279975,1.8609246212564075,495.384375,526.1664736461466,464.60227635385337,511.0585287297631,489.4004263277493,500.2294775287562,421.82223645813104,512.2022705078125
2021-07-02 00:00:00+05:30,520.6708739432261,525.2457992983544,503.8797500591709,506.0211791992188,3742090,0.0,0.0,-0.02813623592607939,1.8085652070720872,496.98804931640626,526.4346371774457,467.54146145536686,511.0585287297631,492.58830745651784,501.8234180931405,421.82223645813104,506.751220703125
2021-07-05 00:00:00+05:30,512.0075119663077,517.7992438033632,505.1937237842465,516.4364624023438,2351288,0.0,0.0,0.020582702130387487,1.8457903660126345,498.9956787109375,527.9889179632662,470.0024394586088,511.0585287297631,493.9753954995557,502.5169621146594,421.82223645813104,502.8576049804688
2021-07-06 00:00:00+05:30,515.9012079348256,517.4586217790735,509.6714337347743,512.2996215820312,1240787,0.0,0.0,-0.0080103577525662,1.8310049248446332,500.85487060546876,528.1883347745647,473.5214064363728,511.0585287297631,495.3624948259933,503.2105117778782,421.82223645813104,502.2249450683594
2021-07-07 00:00:00+05:30,514.4411356080893,519.7948276532067,510.0608421166297,518.2860717773438,1893166,0.0,0.0,0.011685447232667734,1.8524010362766599,503.0523208618164,528.4855249925589,477.61911673107386,511.0585287297631,498.96405545225264,505.0112920910079,421.82223645813104,501.59222412109375
2021-07-08 00:00:00+05:30,519.7947697452745,524.175062748746,511.5208829609396,513.1270141601562,1983623,0.0,0.0,-0.009954073431870714,1.8339621003362885,504.5902923583984,528.4921027135649,480.6884820032319,511.0585287297631,499.4020988152314,505.23031377249725,424.45039605406305,501.640869140625
2021-07-09 00:00:00+05:30,514.392421837524,522.7149666873922,514.392421837524,517.79931640625,2370592,0.0,0.0,0.00910554719817469,1.8506613288005642,506.5224884033203,527.9858051944981,485.05917161214256,513.370362119753,499.4020988152314,506.3862304674922,427.17592486534954,506.751220703125
2021-07-12 00:00:00+05:30,519.8433836066624,522.9582702489416,516.48514737376,517.5072631835938,1067055,0.0,0.0,-0.0005640278258441933,1.849617504314907,508.3159744262695,526.9400458470419,489.69190300549707,516.6069313414184,499.4020988152314,508.0045150783249,427.17592486534954,509.7688293457031
2021-07-13 00:00:00+05:30,518.8214022912507,525.0511764773711,514.2464174431495,517.2152709960938,2471182,0.0,0.0,-0.0005642281920908987,1.8485738979743878,509.5424575805664,527.0749827911637,492.0099323699691,514.7574786221815,500.69185830719374,507.7246684646876,427.17592486534954,523.5911254882812
2021-07-14 00:00:00+05:30,517.8480094370759,521.060212650902,514.3924565947549,517.8966674804688,1388764,0.0,0.0,0.0013174330353060704,1.8510092702957837,510.81274261474607,526.8186288453734,494.80685638411876,514.5627746787627,500.69185830719374,507.62731649297825,434.4277285660669,514.34375
2021-07-15 00:00:00+05:30,524.6617151233422,534.9797139567069,516.4851451490194,520.0867309570312,4990394,0.0,0.0,0.004228765338879281,1.8588367541399546,511.5914596557617,527.8118210163324,495.3710982951911,520.0867188704767,504.3177035945691,512.2022112325229,434.4277285660669,507.8219909667969
2021-07-16 00:00:00+05:30,522.8122616046926,522.8122616046926,508.4059770366797,510.7421569824219,1582351,0.0,0.0,-0.017967337788860838,1.8254384062839724,511.7642364501953,527.8694638301305,495.6590090702602,521.6928454966933,504.3177035945691,513.0052745456312,434.4277285660669,498.7206726074219
2021-07-19 00:00:00+05:30,508.0653772102068,516.8746220693843,507.1892947641205,512.0076293945312,1531013,0.0,0.0,0.002477712863152126,1.8299613185041141,512.0562576293945,527.9531613376689,496.1593539211201,521.0845043604137,504.3177035945691,512.7011039774914,434.4277285660669,508.2113037109375
2021-07-20 00:00:00+05:30,514.3437354160692,519.4540769871709,511.86152198088695,515.8038330078125,1730588,0.0,0.0,0.00741434969976984,1.8435292916565555,512.740071105957,528.0282577994433,497.45188441247075,521.0845043604137,508.30862188934714,514.6965631248804,435.8635118848996,510.9855346679688
2021-07-22 00:00:00+05:30,520.7194772295722,523.3963227846803,511.0828094665748,515.1224365234375,2323717,0.0,0.0,-0.0013210380396003751,1.8410939193351596,513.4068481445313,527.857498353662,498.9561979354006,521.0845043604137,510.450120547091,515.7673124537523,443.1639593706125,511.0828857421875
2021-07-23 00:00:00+05:30,517.8480157773503,523.0556741262883,514.149113261247,519.7461547851562,1435904,0.0,0.0,0.008975959760021857,1.857619504269533,514.2439743041992,528.1086953842679,500.37925322413054,521.0845043604137,513.7596576937942,517.422081027104,443.2369866271837,529.9668579101562
2021-07-26 00:00:00+05:30,519.6974544004855,526.4138680350597,517.9452896673974,522.7149658203125,1573841,0.0,0.0,0.005712040402460428,1.868230301930319,515.4777557373047,527.6223278016428,503.3331836729667,521.0845043604137,513.8813293962836,517.4829168783486,448.24997072291796,532.740966796875
2021-07-27 00:00:00+05:30,523.5910171220182,525.9757956454597,517.3612436688286,520.9628295898438,968098,0.0,0.0,-0.0033519917068359772,1.861968009451789,516.7261398315429,525.1241246195583,508.3281550435276,521.0845043604137,513.8813293962836,517.4829168783486,449.6614152561134,547.6826782226562
2021-07-28 00:00:00+05:30,523.5423002488756,524.3697245272134,514.2463575075327,516.0471801757812,1308260,0.0,0.0,-0.009435700850159767,1.8443990363220344,516.3586807250977,524.1738934676948,508.5434679825005,521.0845043604137,513.8813293962836,517.4829168783486,450.9025221545157,545.8818359375
2021-07-29 00:00:00+05:30,518.7240593258439,519.7947738594456,512.9809846890034,513.808349609375,654581,0.0,0.0,-0.004338422245895535,1.8363972545125467,516.2151016235351,524.1074016546978,508.3228015923724,516.8015813995901,513.8813293962836,515.3414553979369,452.1192507075373,539.9927978515625
2021-07-30 00:00:00+05:30,517.8479529108254,538.484011036945,513.8083257541483,532.1569213867188,7140990,0.0,0.0,0.03571092566186085,1.9019767003540895,516.789402770996,527.1973389039688,506.38146663802337,522.8366529005327,515.6334779364026,519.2350654184677,452.1192507075373,541.8909301757812
2021-08-02 00:00:00+05:30,535.3691606851073,537.4619911687603,518.5780370090745,521.2548828125,2473871,0.0,0.0,-0.020486510906989053,1.8630118339374464,517.5510879516602,526.8551744956478,508.24700140767254,524.78341025176,515.6334779364026,520.2084440940813,452.1192507075373,546.0278930664062
2021-08-03 00:00:00+05:30,525.6351796794571,530.7941797458573,521.7415857559056,529.4314575195312,2963445,0.0,0.0,0.015686327316328352,1.8922356473587822,518.2008377075196,528.8378160340068,507.5638593810323,524.78341025176,515.6334779364026,520.2084440940813,452.1192507075373,559.7041015625
2021-08-04 00:00:00+05:30,531.4755593039773,533.6657058395706,520.7681762410766,521.9849243164062,2297439,0.0,0.0,-0.014065150639165247,1.8656210679338827,518.6851028442383,529.0798652048479,508.2903404836286,525.7324978629742,517.9453113263926,521.8389045946834,452.1192507075373,560.2881469726562
2021-08-05 00:00:00+05:30,524.6618386280574,524.9051882749163,515.9499093881973,517.750732421875,2170594,0.0,0.0,-0.008111712996455522,1.8504876852706622,518.6583358764649,529.0598989624303,508.25677279049944,525.7324978629742,521.181880548058,523.4571892055161,460.00378005539926,543.4483032226562
2021-08-06 00:00:00+05:30,517.8480116867169,519.7948087231331,508.6007257637398,510.4014892578125,3116628,0.0,0.0,-0.014194558701414173,1.8242208291958437,518.5220596313477,529.2791826756945,507.76493658700093,523.5423684003424,521.181880548058,522.3621244742002,460.17413465051357,547.1959838867188
2021-08-09 00:00:00+05:30,522.5689282367268,523.6883602062389,508.065327141871,512.2022705078125,2705676,0.0,0.0,0.0035281661356798555,1.8306569833494144,518.2422073364257,529.3493571129512,507.1350575599002,523.274669089408,521.181880548058,522.228274818733,460.17413465051357,547.7313232421875
2021-08-10 00:00:00+05:30,514.6844420136679,514.6844420136679,502.7116526916839,506.751220703125,1630597,0.0,0.0,-0.010642377276623871,1.8111744410685238,517.7044052124023,529.9022588805921,505.5065515442125,520.5978318643145,520.5978318643145,520.5978318643145,460.17413465051357,545.200439453125
2021-08-11 00:00:00+05:30,509.0873786946889,512.2509235909752,499.9374096915892,502.8576049804688,2133644,0.0,0.0,-0.007683485630786913,1.7972583082757252,516.9865219116211,530.8148762056926,503.1581676175497,519.2107103642671,519.2107103642671,519.2107103642671,460.17413465051357,552.35498046875
2021-08-12 00:00:00+05:30,504.2204000201104,508.6493511109546,500.6674718924236,502.2249450683594,1741264,0.0,0.0,-0.0012581293508209246,1.7949971248470766,516.2029357910156,531.4551784295802,500.9506931524511,518.6997004301747,519.2107103642671,518.9552053972209,460.17413465051357,545.7845458984375
2021-08-13 00:00:00+05:30,506.945915753189,510.0121447252731,499.4994530391008,501.59222412109375,2564318,0.0,0.0,-0.001259835763792072,1.7927357232732903,515.2782104492187,531.6881210594821,498.8682998389553,516.5825794393356,518.991732038023,517.7871557386793,460.17413465051357,550.1648559570312
2021-08-16 00:00:00+05:30,500.95953775254026,506.7025529800608,498.3800080866996,501.640869140625,619675,0.0,0.0,9.698120742696048e-05,1.7929095849483307,514.823146057129,532.1981328174335,497.44815929682443,516.0228569631352,518.4320095618223,517.2274332624787,460.17413465051357,551.7222290039062
2021-08-17 00:00:00+05:30,500.76485574789695,508.9900847177023,500.76485574789695,506.751220703125,2494715,0.0,0.0,0.010187271167229062,1.8111744410685235,514.5603256225586,532.2572720223282,496.86337922278904,511.64259818080797,518.4320095618223,515.0373038713151,460.17413465051357,542.5235595703125
2021-08-18 00:00:00+05:30,509.087438482636,513.6137654765878,506.4105924867904,509.7688293457031,1491558,0.0,0.0,0.005954812774582319,1.8219596457671954,514.2585754394531,532.0670851606752,496.4500657182311,511.0341841464693,518.4320095618223,514.7330968541457,460.17413465051357,532.9356689453125
2021-08-20 00:00:00+05:30,509.76885362368,529.2368254297282,504.0744362234898,523.5911254882812,5237598,0.0,0.0,0.02711483195298392,1.871361775387291,514.6820098876954,532.9543137574249,496.40970601796585,513.808416758214,518.4320095618223,516.1202131600181,460.17413465051357,536.2938842773438
2021-08-23 00:00:00+05:30,525.6351479317007,527.0952455648443,513.22431804998,514.34375,4464213,0.0,0.0,-0.017661444279937877,1.838310823663683,514.4118896484375,532.5342489129206,496.2895303839545,513.808416758214,518.4320095618223,516.1202131600181,467.18262341200034,538.7274169921875
2021-08-24 00:00:00+05:30,515.9011863423049,518.4319985861656,505.19380322954,507.8219909667969,2002611,0.0,0.0,-0.012679767243605311,1.8150014702982271,513.6672409057617,531.5842409952367,495.7502408162867,513.808416758214,518.4320095618223,516.1202131600181,483.5843330417097,532.9356689453125
2021-08-25 00:00:00+05:30,510.06078832623206,511.61820208322825,497.4066084631767,498.7206726074219,3339928,0.0,0.0,-0.017922261188507815,1.7824725398900165,512.5551330566407,531.2747764474248,493.8354896658566,513.3217169464525,517.9453097500609,515.6335133482567,487.3075545420527,534.9310913085938
2021-08-26 00:00:00+05:30,500.32680008127113,514.6357690865232,499.8401008594022,508.2113037109375,5109949,0.0,0.0,0.01902995328807311,1.8163929090613966,512.1633392333985,530.9024380085461,493.4242404582507,513.3217169464525,517.9453097500609,515.6335133482567,489.2786933961074,539.3114624023438
2021-08-27 00:00:00+05:30,510.8395011340125,513.8083545617295,506.6538996284175,510.9855346679688,2552792,0.0,0.0,0.005458813955482755,1.8263082600220208,512.0221984863281,530.7520306553872,493.292366317269,513.3217169464525,517.9453097500609,515.6335133482567,489.7653957185396,543.1077270507812
2021-08-30 00:00:00+05:30,513.5163820645591,519.0647655618728,510.2068627130525,511.0828857421875,1875825,0.0,0.0,0.00019051630156607935,1.8266562015172398,510.96849670410154,527.2327580311337,494.7042353770694,513.3217169464525,517.9453097500609,515.6335133482567,489.7653957185396,549.2887573242188
2021-08-31 00:00:00+05:30,511.5209433146019,532.400354310321,511.0829020802656,529.9668579101562,5014916,0.0,0.0,0.03694894251946179,1.8941492165099187,511.4040954589844,529.1619978241614,493.64619309380737,514.9034813867488,517.9453097500609,516.4243955684049,489.7653957185396,546.3198852539062
2021-09-01 00:00:00+05:30,534.7364217632675,534.7364217632675,526.6085683636701,532.740966796875,3113020,0.0,0.0,0.005234495035516096,1.9040641311802666,511.56957092285154,530.0512609021812,493.0878809435219,516.0715151132221,517.9453097500609,517.0084124316415,489.7653957185396,548.8020629882812
2021-09-02 00:00:00+05:30,534.152415593801,556.7839302408278,533.66571635408,547.6826782226562,6119217,0.0,0.0,0.028046860213545965,1.9574671517051063,512.854458618164,536.86799886078,488.84091837554803,527.0952693520022,527.0952693520022,527.0952693520022,489.7653957185396,555.1777954101562
2021-09-03 00:00:00+05:30,548.9480648030955,552.6469670108675,543.3996817856746,545.8818359375,2426876,0.0,0.0,-0.003288112545389188,1.9510307794063975,514.2610137939453,542.2673082390405,486.25471934885,527.0952693520022,527.0952693520022,527.0952693520022,489.7653957185396,568.8053588867188
2021-09-06 00:00:00+05:30,546.8552451397907,549.7754405315071,539.2627490036334,539.9927978515625,1230310,0.0,0.0,-0.010788118779998634,1.929982827614728,515.7405792236328,545.8464434293193,485.6347150179464,527.0952693520022,527.0952693520022,527.0952693520022,489.7653957185396,568.4160766601562
2021-09-07 00:00:00+05:30,543.9837012009167,551.9169223502801,539.3600585533615,541.8909301757812,3047365,0.0,0.0,0.003515106741739382,1.9367669232635176,517.2250122070312,549.3682305891195,485.08179382494296,528.312015550115,527.0952693520022,527.7036424510586,491.51754425865875,563.8897705078125
2021-09-08 00:00:00+05:30,544.7137694622762,547.7799984603844,536.1965327025634,546.0278930664062,2092387,0.0,0.0,0.007634309157532826,1.951552800721795,519.1888458251954,553.2938070421415,485.08388460824926,531.7189149346226,527.0952693520022,529.4070921433124,491.51754425865875,563.841064453125
2021-09-09 00:00:00+05:30,543.6430273437501,560.5801839208603,543.6430273437501,559.7041015625,4180525,0.0,0.0,0.025046721366724256,2.000432799953924,522.0311706542968,559.5604220725468,484.50191923604683,535.3935233169564,528.9933961920185,532.1934597544874,491.51754425865875,559.022705078125
2021-09-13 00:00:00+05:30,565.5445225822665,571.7255792279775,555.1778049011298,560.2881469726562,5331731,0.0,0.0,0.001043489601962433,2.0025202307801004,524.9343307495117,564.8212938162033,485.04736768282015,541.4042406541216,534.5660938455771,537.9851672498494,491.51754425865875,545.9305419921875
2021-09-14 00:00:00+05:30,559.7040680375289,566.6151727652095,541.1121827594999,543.4483032226562,5993393,0.0,0.0,-0.030055684456272935,1.9423331146064708,527.0271347045898,566.1730016901157,487.8812677190638,549.1670737958239,534.5660938455771,541.8665838207005,492.1502608973328,550.2621459960938
2021-09-15 00:00:00+05:30,545.4925365324295,548.6560816189667,541.3068755040958,547.1959838867188,2376317,0.0,0.0,0.006896112549875877,1.955727662374148,529.3048904418945,567.5588135801422,491.0509673036468,552.6956477910287,534.5660938455771,543.6308708183029,492.1502608973328,547.7799682617188
2021-09-16 00:00:00+05:30,550.9435262656714,556.2485597348104,546.9038989074165,547.7313232421875,2340371,0.0,0.0,0.0009783320258789363,1.9576410133801458,531.3538955688476,568.9329837217956,493.77480741589966,553.9610559652705,534.5660938455771,544.2635749054239,493.9753755343889,541.160888671875
2021-09-17 00:00:00+05:30,549.9701155472601,549.9701155472601,538.0459847234479,545.200439453125,2062930,0.0,0.0,-0.004620666523289962,1.9485954070850007,533.1254760742188,569.7868788564506,496.464073291987,553.9610559652705,534.5660938455771,544.2635749054239,497.1632566631574,548.2666625976562
2021-09-20 00:00:00+05:30,544.1297514139085,556.7839316793481,541.2095559680378,552.35498046875,3866691,0.0,0.0,0.013122771916327824,1.9741663801693812,534.5636688232422,571.8742419159479,497.2530957305365,553.9610559652705,534.5660938455771,544.2635749054239,498.55034470619535,560.1421508789062
2021-09-21 00:00:00+05:30,553.8150834508417,554.8371399842965,542.1343015564355,545.7845458984375,2368098,0.0,0.0,-0.011895311534507291,1.9506830560563158,536.135708618164,572.5345893776711,499.736827858657,553.9610559652705,534.5660938455771,544.2635749054239,499.9374440326328,549.33740234375
2021-09-22 00:00:00+05:30,545.7845626124873,552.5983522595557,545.7845626124873,550.1648559570312,1763460,0.0,0.0,0.008025712877932634,1.966338678180072,538.2528518676758,572.668819560547,503.83688417480454,554.8857819757127,534.5660938455771,544.7259379106449,503.5390046588922,553.3283081054688
2021-09-23 00:00:00+05:30,554.837115922972,557.8546273502233,547.8772932480996,551.7222290039062,2581525,0.0,0.0,0.0028307388776513953,1.971904869523026,540.9029296875,570.513086158304,511.29277321669593,554.8857819757127,534.5660938455771,544.7259379106449,503.97704802187104,559.4607543945312
2021-09-24 00:00:00+05:30,554.3017155336381,554.8370727566253,541.744852754011,542.5235595703125,2833374,0.0,0.0,-0.01667264603458385,1.9390279976195963,542.6185424804687,568.0999424428313,517.1371425181061,552.3305787443287,534.5660938455771,543.4483362949529,503.97704802187104,550.7488403320312
2021-09-27 00:00:00+05:30,544.9084583927371,546.0765484535531,530.7941804024047,532.9356689453125,1578144,0.0,0.0,-0.017672763617111453,1.9047600141707042,543.7160491943359,565.1885310296161,522.2435673590558,544.3244038763139,534.5660938455771,539.4452488609455,503.97704802187104,540.2362060546875
2021-09-28 00:00:00+05:30,535.7098095643839,539.1654215676994,531.1835424494575,536.2938842773438,2541724,0.0,0.0,0.006301352166345309,1.9167625778123667,544.9765991210937,560.8026529276165,529.150545314571,544.3244038763139,534.5660938455771,539.4452488609455,505.2668075138333,543.0103149414062
2021-09-29 00:00:00+05:30,542.1829698187803,544.324458422094,532.6923343506778,538.7274169921875,2090106,0.0,0.0,0.004537685001056779,1.9254602426122929,545.4146270751953,559.9759568505856,530.853297299805,544.3244038763139,534.5660938455771,539.4452488609455,505.2668075138333,549.81201171875
2021-09-30 00:00:00+05:30,540.2361575610017,541.5502217472143,529.5287742579908,532.9356689453125,1383265,0.0,0.0,-0.010750795048099393,1.9047600141707044,545.4243621826172,559.9516387814342,530.8970855838002,543.6917008041071,534.5660938455771,539.1288973248421,506.0698521346882,552.2097778320312
2021-10-01 00:00:00+05:30,530.5021403676459,538.0459781435161,526.6572047157039,534.9310913085938,1219031,0.0,0.0,0.00374420869076042,1.9118918331695753,544.7867828369141,559.9732767470258,529.6002889268024,542.2559160329636,535.7828400436898,539.0193780383267,506.0698521346882,544.1358032226562
2021-10-04 00:00:00+05:30,539.4088379056459,540.5768686530034,530.794224968916,539.3114624023438,2114180,0.0,0.0,0.008188664231563614,1.9275476734384696,544.4582641601562,559.8209522319083,529.0955760884041,542.2559160329636,539.1897394281975,540.7228277305805,506.0698521346882,536.5022583007812
2021-10-05 00:00:00+05:30,540.2361894766619,544.8598325397505,539.4574825272903,543.1077270507812,1939884,0.0,0.0,0.007039095055623612,1.9411158647360491,544.6140106201171,559.8537987259689,529.3742225142654,542.2559160329636,540.966220970515,541.6110685017393,510.0607704294662,535.132080078125
2021-10-06 00:00:00+05:30,549.0454077011431,574.305110458709,545.5898549357736,549.2887573242188,8610209,0.0,0.0,0.011380854967765197,1.9632074228682381,544.9839019775391,560.3011178320164,529.6666861230617,550.4811575872064,542.6940062694873,546.5875819283469,512.2022690872101,541.4933471679688
2021-10-07 00:00:00+05:30,556.7352606501837,556.7352606501837,545.2978287539994,546.3198852539062,1449440,0.0,0.0,-0.005404938715248719,1.9525964070623139,544.998501586914,560.3202752416958,529.6767279321323,550.4811575872064,550.4568394111895,550.468998499198,515.5118062339134,541.1019287109375
2021-10-08 00:00:00+05:30,545.8818674852452,549.9701530718016,543.545746729734,548.8020629882812,1050211,0.0,0.0,0.004543451192924097,1.9614679335372804,544.4533996582031,558.3370542621274,530.5697450542789,550.4811575872064,550.4811575872064,550.4811575872064,515.6334779364026,539.9764404296875
2021-10-11 00:00:00+05:30,550.7488442395204,557.7573251286784,546.6605587698841,555.1777954101562,1424481,0.0,0.0,0.011617544560890591,1.9842553746599079,544.1978820800781,557.0450361566747,531.3507280034815,550.4811575872064,550.4811575872064,550.4811575872064,524.7834375383441,530.23876953125
2021-10-12 00:00:00+05:30,555.1777806251998,571.3848885365454,555.1777806251998,568.8053588867188,4367841,0.0,0.0,0.02454630496613186,2.032961512216996,545.4657348632812,562.2248202271226,528.7066494994399,550.4811575872064,550.4811575872064,550.4811575872064,524.7834375383441,527.9878540039062
2021-10-13 00:00:00+05:30,574.2078097265162,576.2032648067832,562.965009310599,568.4160766601562,1958852,0.0,0.0,-0.0006843856522807945,2.0315701825263957,546.5267395019531,566.0768364308897,526.9766425730165,551.4302347612436,551.4302347612436,551.4302347612436,524.7834375383441,532.391845703125
2021-10-14 00:00:00+05:30,572.6990155401107,575.4732370662153,562.7216803605859,563.8897705078125,1015225,0.0,0.0,-0.007963015717181943,2.0153927572323798,547.3346618652344,568.3162826721319,526.3530410583368,553.4987448878496,551.4302347612436,552.4644898245466,524.7834375383441,535.3767700195312
2021-10-18 00:00:00+05:30,590.7555559469185,591.5342628415875,560.2394782273122,563.841064453125,1971607,0.0,0.0,-8.637513435227895e-05,2.0152186774122014,548.2666931152344,570.4225840207838,526.110802209685,565.4958726844388,559.0957337786457,562.2958032315423,524.7834375383441,537.28515625
2021-10-19 00:00:00+05:30,565.0577872114393,574.0130646275002,557.6112654758258,559.022705078125,1964659,0.0,0.0,-0.008545598536128907,1.997997427632528,548.6000793457031,571.1931379767047,526.0070207147014,567.5400047856608,559.0957337786457,563.3178692821532,526.6815643783603,531.951416015625
2021-10-20 00:00:00+05:30,560.6288954476606,562.1376512874245,543.5944211662236,545.9305419921875,1227089,0.0,0.0,-0.02341973405911635,1.9512048592265756,548.6073791503907,571.1968494786555,526.0179088221258,567.5400047856608,559.0957337786457,563.3178692821532,534.5660938455771,523.3392333984375
2021-10-21 00:00:00+05:30,550.6515291506773,553.2309994623272,539.0194054929483,550.2621459960938,2154819,0.0,0.0,0.007934350014746405,1.9666864015301533,548.6122436523438,571.2031104382093,526.0213768664782,565.2768341672679,559.0957337786457,562.1862839729567,534.5660938455771,526.8623657226562
2021-10-22 00:00:00+05:30,549.9214566969795,550.9921712088471,542.2802433497452,547.7799682617188,1046820,0.0,0.0,-0.004510900399811613,1.957814875055187,548.4151306152344,570.9622949879714,525.8679662424973,565.2768341672679,559.0957337786457,562.1862839729567,534.5660938455771,513.84619140625
2021-10-25 00:00:00+05:30,549.4834336679774,550.3595160513681,534.0550917574113,541.160888671875,2156915,0.0,0.0,-0.012083464115798526,1.934157689267081,548.3469970703125,570.9739224815694,525.7200716590555,562.7946772994994,559.0957337786457,560.9452055390725,534.5660938455771,521.479736328125
2021-10-26 00:00:00+05:30,540.4794752016843,549.9701098405252,536.3911899364939,548.2666625976562,1541807,0.0,0.0,0.013130612493486682,1.9595543643861448,549.1135467529297,570.597985480456,527.6291080254033,562.7946772994994,559.0957337786457,560.9452055390725,534.5660938455771,520.4032592773438
2021-10-27 00:00:00+05:30,550.9435236285971,566.4205827742937,550.4568244027766,560.1421508789062,2189903,0.0,0.0,0.021660059039491086,2.0019984276098413,550.3059600830078,571.4529503985613,529.1589697674543,562.7946772994994,559.0957337786457,560.9452055390725,534.5660938455771,508.1210632324219
2021-10-28 00:00:00+05:30,561.4562251679339,565.7878602383004,543.4970115283868,549.33740234375,2768013,0.0,0.0,-0.01928929740103069,1.9633812845432792,550.836459350586,571.3093871810543,530.3635315201177,562.7946772994994,559.0957337786457,560.9452055390725,534.5660938455771,511.4484252929688
2021-10-29 00:00:00+05:30,551.2841359081672,557.173243499219,538.2892916024452,553.3283081054688,1739744,0.0,0.0,0.0072649445398975665,1.977645140686159,551.8560913085937,570.6018336906524,533.110348926535,554.0340781924558,559.0957337786457,556.5649059855507,534.5660938455771,518.494873046875
2021-11-01 00:00:00+05:30,555.8105102379772,562.0402840297733,552.40361569186,559.4607543945312,1130666,0.0,0.0,0.011082834908734851,1.9995630552884454,553.0825744628906,570.3769212346458,535.7882276911355,550.2378372658525,559.0957337786457,554.666785522249,534.5660938455771,518.3480834960938
2021-11-02 00:00:00+05:30,556.2972234720634,558.682061596725,549.9701334413226,550.7488403320312,1790411,0.0,0.0,-0.01557198426175277,1.9684258908611114,553.654443359375,569.7953614264195,537.5135252923305,550.2378372658525,559.0957337786457,554.666785522249,534.5660938455771,515.1184692382812
2021-11-03 00:00:00+05:30,554.8371845967062,555.0318761929065,535.9532285844152,540.2362060546875,2635942,0.0,0.0,-0.019087891807463397,1.9308527904253447,553.5108673095704,570.0746748749824,536.9470597441583,550.2378372658525,559.0957337786457,554.666785522249,534.5660938455771,510.8123779296875
2021-11-04 00:00:00+05:30,546.0278858576403,546.0278858576403,541.4529011476601,543.0103149414062,119471,0.0,0.0,0.005134992537760397,1.9407677050956926,553.1969451904297,570.303981159895,536.0899092209644,550.2378372658525,559.0957337786457,554.666785522249,534.5660938455771,504.0595703125
2021-11-08 00:00:00+05:30,547.9525907321953,550.5460078343586,535.8660855221843,549.81201171875,914345,3.0,0.0,0.012525907133233094,1.9650775811368992,553.3715515136719,570.2618356154685,536.4812674118753,551.1433341482391,559.0957337786457,555.1195339634423,534.5660938455771,502.346923828125
2021-11-09 00:00:00+05:30,549.6163008396717,556.4180105371013,541.8359893281137,552.2097778320312,1498615,0.0,0.0,0.004361065349928639,1.973647412885917,553.5419372558594,570.3114166031263,536.7724579085924,551.1433341482391,559.0957337786457,555.1195339634423,534.5660938455771,498.6280212402344
2021-11-10 00:00:00+05:30,552.9437568719438,552.9437568719438,538.2638341231311,544.1358032226562,2948154,0.0,0.0,-0.014621209064919705,1.944790301441674,552.9898376464844,570.2331132777372,535.7465620152316,550.8269728802424,561.1642439052517,555.995608392747,534.5660938455771,489.67327880859375
2021-11-11 00:00:00+05:30,544.1358062257417,545.1144677477305,535.3767736573907,536.5022583007812,1656199,0.0,0.0,-0.014028749581749933,1.917507325313733,551.3746826171875,568.4384120254965,534.3109532088786,548.7085288435819,562.7946772994994,555.7516030715407,534.5660938455771,484.7310180664063
2021-11-12 00:00:00+05:30,540.5636392923949,540.5636392923949,532.7833283887747,535.132080078125,1257824,0.0,0.0,-0.002553909515676467,1.9126101851092348,549.710482788086,566.2814131541583,533.1395524220137,547.411806209274,562.1587956151811,554.7853009122275,534.5660938455771,480.4249267578125
2021-11-15 00:00:00+05:30,539.0466936386243,543.0102604096119,533.6640558740664,541.4933471679688,936384,0.0,0.0,0.01188728414285145,1.93534592583414,548.5906616210938,564.1639170481482,533.0174061940394,545.7326949927499,562.1587956151811,553.9457453039655,535.8558594609428,489.1839294433594
2021-11-16 00:00:00+05:30,544.1846763767587,547.5610702578754,537.3340463645959,541.1019287109375,1128877,0.0,0.0,-0.0007228499834363022,1.9339469610637072,547.4537048339844,561.6527834962485,533.2546261717202,544.600669462938,562.1587956151811,553.3797325390595,535.8558594609428,497.1600036621094
2021-11-17 00:00:00+05:30,540.9061807285865,543.1570900561425,537.5297868708761,539.9764404296875,892311,0.0,0.0,-0.0020799931057928767,1.9299243647177255,546.5013916015625,559.9991481844775,533.0036350186476,544.600669462938,562.1587956151811,553.3797325390595,535.8558594609428,494.8112487792969
2021-11-18 00:00:00+05:30,539.8786207964409,539.8786207964409,525.198698828617,530.23876953125,1977932,0.0,0.0,-0.018033510667037067,1.8951210531000138,545.7168029785156,560.9846746060357,530.4489313509955,540.8083546828591,558.3664808351023,549.5874177589807,535.8558594609428,490.2115173339844
2021-11-22 00:00:00+05:30,529.0643577093296,530.3855865108086,520.8925584681726,527.9878540039062,1475495,0.0,0.0,-0.004245097976018686,1.8870760785531886,544.6030883789062,561.5579165160482,527.6482602417643,538.655284502637,556.2134106548801,547.4343475787585,535.8558594609428,490.0647277832031
2021-11-23 00:00:00+05:30,523.975380859009,534.4470109202734,523.4370692582144,532.391845703125,937667,0.0,0.0,0.008341085246226454,1.9028163409905154,543.8336822509766,561.5306054973044,526.1367590046489,536.9181576700582,556.2134106548801,546.5657841624692,536.80493663498,491.2880859375
2021-11-24 00:00:00+05:30,534.7406758742162,539.8786488297447,532.5386874647039,535.3767700195312,991160,0.0,0.0,0.005606630417984926,1.9134847289677517,543.5444763183593,561.5960392947093,525.4929133420094,534.226814363024,556.2134106548801,545.2201125089521,536.80493663498,496.2302856445313
2021-11-25 00:00:00+05:30,536.9915697505131,538.2638177367942,515.2652727971312,537.28515625,1211317,0.0,0.0,0.0035645667450217022,1.920305472999737,542.9954010009766,561.1076277156919,524.8831742862612,531.4131715275032,544.6391687123157,538.0261701199095,544.4704356523821,501.7108459472656
2021-11-26 00:00:00+05:30,534.3002273746621,542.1784400534365,529.847329750377,531.951416015625,2061796,0.0,0.0,-0.009927205641789949,1.901242205674214,541.5858642578125,558.4747249359872,524.6970035796379,531.4131715275032,540.8429277857124,536.1280496566078,544.4704356523821,503.1298522949219
2021-11-29 00:00:00+05:30,524.5625602647265,531.3153484597447,518.8374144235968,523.3392333984375,1267522,0.0,0.0,-0.016189791695064404,1.8704614904024837,540.2859558105469,558.5498167722542,522.0220948488395,531.4131715275032,540.8429277857124,536.1280496566078,544.4704356523821,491.33697509765625
2021-11-30 00:00:00+05:30,518.7394876649148,532.4896690388829,518.7394876649148,526.8623657226562,4760651,0.0,0.0,0.006732024085678301,1.883053482207207,538.9626586914062,557.087987119686,520.8373302631264,529.2111814266368,540.8429277857124,535.0270546061746,544.4704356523821,490.4072570800781
2021-12-01 00:00:00+05:30,526.5198693530274,526.5198693530274,512.2803569518339,513.84619140625,3003218,0.0,0.0,-0.024705075107334662,1.8365325044981498,536.6819305419922,555.3925455027561,517.9713155812283,527.2293985026351,539.3504698630638,533.2899341828495,544.4704356523821,491.5816345214844
2021-12-02 00:00:00+05:30,518.3969885613282,523.5349612387448,509.3932911610185,521.479736328125,2366483,0.0,0.0,0.014855700109373426,1.8638154806260907,535.2184753417969,553.8771202234329,516.5598304601608,525.7858656072275,537.9069369676561,531.8464012874417,544.4704356523821,493.4900512695313
2021-12-03 00:00:00+05:30,521.4308419189279,527.0092244867882,518.1523497451217,520.4032592773438,942083,0.0,0.0,-0.0020642739799652254,1.8599680548259778,534.2268280029297,553.8088747383138,514.6447812675456,525.7858656072275,537.9069369676561,531.8464012874417,544.4704356523821,495.2516174316406
2021-12-06 00:00:00+05:30,518.7395166244723,522.1159107492524,506.2126613590456,508.1210632324219,779811,0.0,0.0,-0.02360130499946811,1.8160703814747625,532.4823654174804,554.6937632359994,510.2709675989614,524.1955507062411,536.000260798673,530.0979057524571,544.4704356523821,493.7347106933594
2021-12-07 00:00:00+05:30,510.8123312206968,516.6842996384472,507.2891143303954,511.4484252929688,1117432,0.0,0.0,0.006548364752643421,1.8279626727491316,530.5641860961914,553.0852999951744,508.04307219720835,524.1955507062411,534.1264726944095,529.1610117003253,544.4704356523821,493.3432312011719
2021-12-08 00:00:00+05:30,514.8248922640789,520.1586096149613,511.3995768668026,518.494873046875,829926,0.0,0.0,0.01377743562289746,1.8531473107939924,528.8784408569336,549.6252386691731,508.1316430446941,524.1955507062411,534.1264726944095,529.1610117003253,544.4704356523821,490.0647277832031
2021-12-09 00:00:00+05:30,520.2075044925496,521.8712409766731,514.0908701632402,518.3480834960938,468492,0.0,0.0,-0.0002831070438915617,1.8526226717369378,527.5890548706054,547.5655441484984,507.6125655927125,519.3511651989643,532.4473614778854,525.8992633384248,544.4704356523821,488.8903503417969
2021-12-10 00:00:00+05:30,518.0055326804872,520.2075211093761,511.1549020128333,515.1184692382812,1052815,0.0,0.0,-0.006230589753568272,1.8410797399011853,526.5198654174804,546.7638278989253,506.27590293603555,519.3511651989643,531.3153359480734,525.3332505735189,544.4704356523821,490.3583068847656
2021-12-13 00:00:00+05:30,513.8462046631728,519.8160756067588,508.9039760728628,510.8123779296875,941508,0.0,0.0,-0.008359419368055843,1.8256893822653202,525.3038803100586,546.2497051605216,504.3580554595957,516.6109429229169,531.3153359480734,523.9631394354951,544.4704356523821,480.0823669433594
2021-12-14 00:00:00+05:30,509.8826179146986,510.8123582432438,501.319330185805,504.0595703125,1619756,0.0,0.0,-0.013219741550814623,1.8015542404797062,523.4321914672852,544.9454424624016,501.91894047216874,514.1642773362965,528.8686703614532,521.5164738488749,544.4704356523821,483.8502502441406
2021-12-15 00:00:00+05:30,506.6530582168607,506.6530582168607,499.36201827202126,502.346923828125,1205823,0.0,0.0,-0.0033977065117783978,1.7954330879055063,521.4944412231446,543.275158335949,499.71372411034014,513.1856213794047,527.8900144045613,520.537817891983,544.4704356523821,477.3421325683594
2021-12-16 00:00:00+05:30,503.0809190025017,504.0106593497953,497.55148764504656,498.6280212402344,560343,0.0,0.0,-0.00740305635705063,1.7821413955704284,519.4270202636719,541.6479620716912,497.2060784556527,509.8336991971495,525.2476222584952,517.5406607278223,544.4704356523821,467.65338134765625
2021-12-17 00:00:00+05:30,498.5301532798692,498.5301532798692,486.8840876098146,489.67327880859375,919115,0.0,0.0,-0.017958762945908147,1.750136340711289,517.3987457275391,542.5482016470859,492.2492898079924,504.37766429324387,517.2225789338449,510.80012161354443,545.6871818504949,461.3410339355469
2021-12-20 00:00:00+05:30,487.0798295065128,488.6456639780796,478.12505309045736,484.7310180664063,939832,0.0,0.0,-0.010092976186514169,1.732472256301337,515.2359039306641,543.638017499655,486.8337903616732,499.99814703356526,512.8430616741664,506.4206043538658,549.0940812350025,457.5242614746094
2021-12-21 00:00:00+05:30,485.9054371582508,491.33699656361927,479.0548066242976,480.4249267578125,1298413,0.0,0.0,-0.008883465567709692,1.717081898665472,512.6375579833984,543.7001264609808,481.5749895058161,499.99814703356526,512.8430616741664,506.4206043538658,550.87056277732,453.3649291992188
2021-12-22 00:00:00+05:30,482.2843483336479,490.3093841322638,480.47384855280814,489.1839294433594,839522,0.0,0.0,0.01823178231957634,1.7483873620668255,510.32791595458986,541.1497300287201,479.50610188045954,499.16628709991676,512.8430616741664,506.0046743870416,551.3085824609266,461.4388732910156
2021-12-23 00:00:00+05:30,490.8965765183817,499.0194543954443,487.4712615325207,497.1600036621094,1090279,0.0,0.0,0.016304857413909524,1.7768945687096065,508.3216583251953,536.9893487978438,479.65396785254677,498.97056434860804,510.6410715732999,504.80581796095396,559.0714156026288,472.2530822753906
2021-12-24 00:00:00+05:30,501.9554954817265,502.1511799909353,493.3432565636936,494.8112487792969,1426893,0.0,0.0,-0.004724344004971126,1.7684999075064576,506.4646499633789,533.518333888723,479.41096603803487,494.4687056668506,510.1517465719469,502.31022611939875,559.0957337786457,487.0308837890625
2021-12-27 00:00:00+05:30,494.8112381237059,496.7196100430672,489.2818068706168,490.2115173339844,545832,0.0,0.0,-0.00929593144185803,1.7520600536113453,504.8082641601562,531.5784844133663,478.03804390694614,492.38905565365906,510.1517465719469,501.270401112803,558.3664808351023,494.51763916015625
2021-12-28 00:00:00+05:30,489.82006241736025,494.7622908608345,484.43742436881786,490.0647277832031,799994,0.0,0.0,-0.000299441252583299,1.7515354145542907,502.96838226318357,528.4353117283066,477.5014527980606,491.0678562201263,510.1517465719469,500.6098013960366,556.2134106548801,490.6029968261719
2021-12-29 00:00:00+05:30,490.3094244117281,496.6707243292456,489.7711725191054,491.2880859375,505862,0.0,0.0,0.002496319536871683,1.7559078066291653,501.8404769897461,527.2782493123395,476.4027046671527,490.13811654069633,510.1517465719469,500.1449315563216,556.2134106548801,505.9637451171875
2021-12-30 00:00:00+05:30,491.28805717527536,498.8237624290967,489.3796553651948,496.2302856445313,835434,0.0,0.0,0.01005967750591874,1.7735716728939799,500.57800445556643,524.4320250537252,476.72398385740775,490.13811654069633,510.1517465719469,500.1449315563216,556.2134106548801,506.8061218261719
2021-12-31 00:00:00+05:30,497.6493767961408,504.9893381058184,497.1600460421623,501.7108459472656,914258,0.0,0.0,0.01104438898890625,1.793159688349126,499.6433837890625,521.694976984193,477.59179059393205,492.02207236505797,510.1517465719469,501.0869094685024,553.3997678193593,501.2564086914063
2022-01-03 00:00:00+05:30,502.59160041750255,507.4359867797917,502.5426792891476,503.1298522949219,502608,0.0,0.0,0.0028283350043529776,1.7982313446640785,499.3938232421875,521.1641482380101,477.623498246365,493.95491766629993,505.3073610646701,499.631139365485,553.3997678193593,507.5989379882813
2022-01-04 00:00:00+05:30,493.7347076263372,496.3281545276103,487.3734081227273,491.33697509765625,2094024,0.0,0.0,-0.02343903297225336,1.7560825408847578,498.38825073242185,519.6861827092578,477.090318755586,495.93670557430477,505.3073610646701,500.6220333194874,553.3997678193593,502.9906921386719
2022-01-05 00:00:00+05:30,492.26670785616,492.26670785616,487.3734006210093,490.4072570800781,856040,0.0,0.0,-0.0018922207460436713,1.7527596450691305,496.983869934082,516.3942977564832,477.5734421116809,495.93670557430477,502.56713878862274,499.2519221814638,553.3997678193593,494.8147888183594
2022-01-06 00:00:00+05:30,486.884071506764,496.0834831659781,486.4926128999335,491.5816345214844,797577,0.0,0.0,0.0023946983337861383,1.756956975670705,495.6455474853516,512.472231985109,478.8188629855941,495.93670557430477,502.56713878862274,499.2519221814638,551.9073098967108,485.400146484375
2022-01-07 00:00:00+05:30,495.69203959944,495.78991172071153,491.3369840670693,493.4900512695313,596720,0.0,0.0,0.0038821970025479935,1.7637778287752597,494.5641265869141,508.8006447158232,480.327608458005,495.93670557430477,502.56713878862274,499.2519221814638,550.463777001303,498.6302185058594
2022-01-10 00:00:00+05:30,494.2240348502851,496.76856060694814,490.4072611484791,495.2516174316406,702161,0.0,0.0,0.003569608257709689,1.770073824677621,493.78608856201174,505.9082568443844,481.66392027963906,496.9642998398626,500.1204819198549,498.5423908798588,550.463777001303,495.7067260742188
2022-01-11 00:00:00+05:30,495.2027028956192,498.57909690736767,492.56030498500047,493.7347106933594,743570,0.0,0.0,-0.003062901129223694,1.7646522635612067,493.2698455810547,504.4291389245629,482.11055223754653,496.9642998398626,499.99814703356526,498.4812234367139,548.8734621003166,501.603271484375
2022-01-12 00:00:00+05:30,497.3557490241485,497.3557490241485,490.60296128642807,493.3432312011719,1000008,0.0,0.0,-0.0007928944101129876,1.763253080645636,492.81966094970704,503.16626954290757,482.4730523565065,496.9642998398626,499.99814703356526,498.4812234367139,548.8734621003166,500.2158508300781
2022-01-13 00:00:00+05:30,493.3432496587727,493.88150151707583,487.0308712734764,490.0647277832031,1476130,0.0,0.0,-0.006645481706491374,1.7515354145542907,492.3914962768555,502.44257851696904,482.34041403674195,496.9642998398626,499.99814703356526,498.4812234367139,548.8734621003166,502.6933898925781
2022-01-14 00:00:00+05:30,490.06475611228217,490.3094214922683,485.46503502199056,488.8903503417969,637918,0.0,0.0,-0.0023963721011274197,1.7473380839527162,492.35234985351565,502.4519826138823,482.252717093149,492.0220659646791,499.16628709991676,495.5941765322979,548.8734621003166,500.8104553222656
2022-01-17 00:00:00+05:30,491.28804720750594,492.364580774264,483.8012930988344,490.3583068847656,1183216,0.0,0.0,0.00300262940747853,1.7525846926684,492.6337142944336,502.1595887518364,483.10783983703084,491.19019500310105,498.97056434860804,495.08037967585454,548.8734621003166,496.4995422363281
2022-01-18 00:00:00+05:30,492.2667140589643,492.2667140589643,477.8314575333784,480.0823669433594,2047654,0.0,0.0,-0.020955982181048438,1.7158575590780627,492.61658630371096,502.23199238143695,483.00118022598497,488.20527722037303,494.3219078883111,491.26359255434204,548.8734621003166,479.1072082519531
2022-01-19 00:00:00+05:30,482.48013008735103,485.1225281418863,473.7700485194962,483.8502502441406,899160,0.0,0.0,0.007848410106730208,1.7293243128864404,492.34990234375,502.6126505414604,482.08715414603955,486.1745727134319,490.6030176496439,488.38879518153794,546.4267965136962,490.40478515625
2022-01-20 00:00:00+05:30,485.31821758520607,485.4160897055997,476.4613432175724,477.3421325683594,1191400,0.0,0.0,-0.013450685770023618,1.706063714959343,491.3590087890625,503.2844112847751,479.4336062933499,486.1745727134319,490.6030176496439,488.38879518153794,545.4481405568044,510.0764770507813
2022-01-21 00:00:00+05:30,477.5378679974646,477.5378679974646,464.8641902329829,467.65338134765625,1725811,0.0,0.0,-0.020297289008561648,1.6714352466697928,490.0011154174805,505.68457940193105,474.31765143302994,481.7216435701753,486.1500885063873,483.9358660382813,544.542875243317,507.9457702636719
2022-01-24 00:00:00+05:30,466.527957904413,466.62580016317816,456.7413427175479,461.3410339355469,1225487,0.0,0.0,-0.013497918894371796,1.6488743492730495,488.5575912475586,508.6477451857486,468.4674373093686,477.0485458708482,482.08866474866977,479.568605309759,539.2091752257011,506.4592590332031
2022-01-25 00:00:00+05:30,459.9709152792864,465.5982190300437,449.2056385387074,457.5242614746094,1736649,0.0,0.0,-0.008273212613189584,1.635232861209079,486.9305679321289,511.1622084687695,462.6989273954883,471.54357002789163,478.32081265924955,474.9321913435706,534.8296579660224,496.549072265625
2022-01-27 00:00:00+05:30,459.9708941686623,459.9708941686623,445.92709600108816,453.3649291992188,2019041,0.0,0.0,-0.009090954569239584,1.6203670335576996,485.03441009521487,513.2583597334037,456.810460457026,469.1458383876761,476.6815413904399,472.913689889058,534.8296579660224,477.5215759277344
2022-01-28 00:00:00+05:30,453.5606605716224,465.4513912059521,452.1415895237524,461.4388732910156,1421740,0.0,0.0,0.017808929565985343,1.6492240359293733,483.2948394775391,512.8173611540507,453.77231780102755,469.1458383876761,476.6815413904399,472.913689889058,534.8296579660224,486.2424926757813
2022-01-31 00:00:00+05:30,468.7788459896594,484.14384307616393,464.3259482300458,472.2530822753906,2647338,0.0,0.0,0.023435842990962685,1.6878749914923359,481.8219512939453,510.43812321627973,453.20577937161084,469.0969050300262,476.6815413904399,472.88922321023307,534.8296579660224,488.1749877929688
2022-02-01 00:00:00+05:30,476.2166862874598,491.7773979816636,474.7976151825534,487.0308837890625,2794796,0.0,0.0,0.03129212294914008,1.7406921832488929,481.01700286865236,508.03462209509456,453.99938364221015,468.85224699137586,476.6815413904399,472.7668941909079,534.8296579660224,496.3013305664063
2022-02-02 00:00:00+05:30,491.7773989335456,495.88778913984,485.416099245848,494.51763916015625,1565539,0.0,0.0,0.015372239462202897,1.7674505203197797,481.17603607177733,508.47380945832583,453.87826268522883,470.90744257046407,476.6815413904399,473.794491980452,534.8296579660224,502.9906921386719
2022-02-03 00:00:00+05:30,494.1261841909932,496.9153754325759,488.84141807695056,490.6029968261719,1393417,0.0,0.0,-0.007916082307261374,1.7534592365269164,481.18582305908205,508.49711139123633,453.8745347269278,471.42123571683203,476.6815413904399,474.051388553636,534.8296579660224,502.5447387695313
2022-02-04 00:00:00+05:30,492.33726061674633,507.0538699259109,488.2741148877307,505.9637451171875,1758002,6.25,0.0,0.03130993571255769,1.8083599324971646,481.90492858886716,510.992683313285,452.81717386444933,476.4904829634995,476.6815413904399,476.5860121769697,534.8296579660224,506.8556823730469
2022-02-07 00:00:00+05:30,516.3694304704685,519.2929429144049,504.17993264828914,506.8061218261719,3235609,0.0,0.0,0.0016648953944107259,1.8113706626202162,482.5707321166992,513.2715386644733,451.8699255689252,482.6100194577465,482.6100194577465,482.6100194577465,534.8296579660224,520.7299194335938
2022-02-08 00:00:00+05:30,510.0269458217722,512.0585186643269,499.86899087867806,501.2564086914063,1564673,0.0,0.0,-0.01095036720308018,1.791535488723638,482.8709716796875,514.1800329576511,451.56191040172394,482.6100194577465,482.6100194577465,482.6100194577465,526.0690588589788,519.3920288085938
2022-02-09 00:00:00+05:30,505.07182640016,508.34220076535695,501.45462026707946,507.5989379882813,515112,0.0,0.0,0.012653263253896263,1.814204258891156,483.5641830444336,516.3983848008146,450.72998128805256,485.7172662190786,482.6100194577465,484.16364283841256,522.2728179323756,499.8194580078125
2022-02-10 00:00:00+05:30,510.07648824808814,510.07648824808814,500.4636107559929,502.9906921386719,774115,0.0,0.0,-0.009078517515960227,1.797733973749283,484.0465560913086,517.7231455913201,450.3699665912971,491.80944557222534,482.6100194577465,487.20973251498594,522.2728179323756,487.6795043945313
2022-02-11 00:00:00+05:30,502.9411405262079,502.9411405262079,490.1074579464392,494.8147888183594,1069920,0.0,0.0,-0.016254581740964835,1.7685125599244658,484.28405914306643,518.1958041505089,450.3723141356239,497.04527904847913,482.6100194577465,489.8276492531128,522.2728179323756,480.2468566894531
2022-02-14 00:00:00+05:30,485.5983619948104,493.9228992946048,482.2289100214938,485.400146484375,1001194,0.0,0.0,-0.01902659853087041,1.734863781449981,484.1095489501953,517.9598830457205,450.25921485467006,500.76092646794933,482.6100194577465,491.68547296284794,522.2728179323756,478.0666198730469
2022-02-15 00:00:00+05:30,484.6073334138401,499.4725890400315,482.6252993303479,498.6302185058594,1520336,0.0,0.0,0.027256011596424656,1.7821492487953987,484.52314453125,518.8726731169412,450.1736159455588,500.76092646794933,482.6100194577465,491.68547296284794,522.2728179323756,473.8052673339844
2022-02-16 00:00:00+05:30,501.45461269948527,502.3465219698281,492.5354595091782,495.7067260742188,1166886,0.0,0.0,-0.005863047049977754,1.7717004238996288,485.30436248779296,519.926945389924,450.68177958566196,500.76092646794933,482.6100194577465,491.68547296284794,522.2728179323756,470.435791015625
2022-02-17 00:00:00+05:30,495.7067382102638,503.288012558944,494.76525991975046,501.603271484375,855947,0.0,0.0,0.011895229780023886,1.7927752075432806,486.1920135498047,521.5306900767766,450.85333702283276,500.76092646794933,482.6100194577465,491.68547296284794,521.9564566643788,478.1657104492188
2022-02-18 00:00:00+05:30,502.3465314169219,502.4456391695881,495.85538190372426,500.2158508300781,1330397,0.0,0.0,-0.002765972100204128,1.7878164413372781,487.3356994628906,522.9371229476695,451.73427597811167,497.14371434291036,482.6100194577465,489.8768669003284,520.0826685601153,485.5983581542969
2022-02-21 00:00:00+05:30,499.4725845359475,504.3285619480257,494.5174993719004,502.6933898925781,1505281,0.0,0.0,0.00495293993260848,1.7966713887817516,489.0876998901367,524.0792723046186,454.0961274756549,496.15269913479096,482.6100194577465,489.3813592962687,520.0826685601153,499.17529296875
2022-02-22 00:00:00+05:30,496.4995252519293,506.4096954166384,494.1210904610869,500.8104553222656,1586579,0.0,0.0,-0.0037456919230922647,1.7899416112723407,491.06117095947263,523.9364748829732,458.1858670359721,496.15269913479096,482.6100194577465,489.3813592962687,518.4035573435912,513.5946044921875
2022-02-23 00:00:00+05:30,498.481576337072,501.90059725823113,495.2112321682207,496.4995422363281,812781,0.0,0.0,-0.008607873577965663,1.7745340201705684,493.0099349975586,522.0616320689369,463.9582379261804,494.31930271906606,482.6100194577465,488.4646610884063,517.2715318137793,525.338134765625
2022-02-24 00:00:00+05:30,472.7151361376216,490.9994129346605,472.7151361376216,479.1072082519531,3229880,0.0,0.0,-0.03502990940542794,1.7123722542071436,494.2970489501953,517.9316785159297,470.6624193844609,489.56241577713,482.6100194577465,486.08621761743825,517.1247340352398,539.0142211914062
2022-02-25 00:00:00+05:30,480.2468605612161,492.8823277404046,480.2468605612161,490.40478515625,1460932,0.0,0.0,0.0235804778340043,1.7527508101910392,495.745344543457,514.0450961401872,477.4455929467269,489.56241577713,482.6100194577465,486.08621761743825,515.0940295282987,516.6171875
2022-02-28 00:00:00+05:30,489.31465819068177,513.3468211499204,481.4360607107927,510.0764770507813,3050846,0.0,0.0,0.04011317281144322,1.8230592063356295,497.6365142822266,513.4592363418058,481.8137922226474,493.030978643771,482.6100194577465,487.8204990507587,515.0940295282987,507.4007263183594
2022-03-02 00:00:00+05:30,509.38275706483,511.0674981252608,499.7203409531916,507.9457702636719,1985091,0.0,0.0,-0.004177230048774239,1.8154438686382297,498.68225860595703,514.3246056695089,483.03991154240515,493.030978643771,482.6100194577465,487.8204990507587,508.90397355246336,513.1486206054688
2022-03-03 00:00:00+05:30,507.9953233867659,513.7432707539784,504.4276861470794,506.4592590332031,1271102,0.0,0.0,-0.0029265156193684083,1.8101309438005733,499.2793395996094,515.1526937671082,483.4059854321105,493.2292034458,482.6100194577465,487.9196114517732,502.15120648771165,514.8828735351562
2022-03-04 00:00:00+05:30,502.4456357090938,505.41868680796415,494.61660719742304,496.549072265625,2233264,0.0,0.0,-0.019567589279532616,1.774711044950111,499.576643371582,515.0004085060915,484.1528782370725,493.2292034458,482.6100194577465,487.9196114517732,498.3833543982914,513.2477416992188
2022-03-07 00:00:00+05:30,485.5983589098944,497.4905636178919,472.6160293883092,477.5215759277344,1540133,0.0,0.0,-0.03831946810629028,1.706705061665264,498.1545349121094,516.0379430041437,480.2711268200751,493.1796500711438,485.7172662190786,489.4484581451112,496.74408312948174,515.0315551757812
2022-03-08 00:00:00+05:30,477.6702015391707,487.9767724531537,473.9043489771089,486.2424926757813,1797911,0.0,0.0,0.018262874784461536,1.7378744025004633,497.12635345458995,515.2673986341671,478.9853082750128,493.1796500711438,491.80944557222534,492.4945478216846,496.74408312948174,513.1981811523438
2022-03-09 00:00:00+05:30,490.5534225810375,493.823766634202,482.6748252119057,488.1749877929688,2526968,0.0,0.0,0.003974344378157912,1.7447813138619856,496.4722824096681,514.9146130202961,478.0299517990401,493.1796500711438,495.95448615135706,494.5670681112504,494.54209302861534,499.5716857910156
2022-03-10 00:00:00+05:30,495.50852901735465,500.3645065530366,493.4273871467937,496.3013305664063,1022074,0.0,0.0,0.01664637266685154,1.7738255938346912,495.90740203857433,513.6219040079593,478.19290006918936,493.1796500711438,495.95448615135706,494.5670681112504,494.05276802726235,506.0628356933594
2022-03-11 00:00:00+05:30,498.481576653989,504.4276789600008,497.68877511056354,502.9906921386719,1575214,0.0,0.0,0.013478427641189894,1.7977339737492828,495.90740203857433,513.6219040079593,478.19290006918936,493.1796500711438,495.95448615135706,494.5670681112504,494.05276802726235,513.5450439453125
2022-03-14 00:00:00+05:30,503.9321565540305,505.7655440965728,499.6212264522255,502.5447387695313,1105361,0.0,0.0,-0.0008866036213203143,1.796140096297986,496.2938995361329,514.2345083975047,478.35329067476124,493.1796500711438,495.95448615135706,494.5670681112504,494.05276802726235,518.5001220703125
2022-03-15 00:00:00+05:30,505.4186955530201,509.184548246039,502.69339866523416,506.8556823730469,1167973,0.0,0.0,0.008578228505726315,1.8115477964723274,497.3666763305665,515.1366379647837,479.59671469634924,493.1796500711438,495.95448615135706,494.5670681112504,494.05276802726235,510.9188232421875
2022-03-16 00:00:00+05:30,512.3062745342544,525.1399573900356,508.5899606080753,520.7299194335938,2965305,0.0,0.0,0.027373150865329432,1.8611355676049195,498.4716613769532,518.9868905780738,477.9564321758326,498.8779933891724,498.8779933891724,498.8779933891724,494.05276802726235,525.5363159179688
2022-03-17 00:00:00+05:30,528.6085360665048,530.1941392039506,513.8423573406512,519.3920288085938,2070981,0.0,0.0,-0.002569260138643892,1.8563538261784598,499.65592651367194,522.0645893795188,477.2472636478251,501.40508429612987,501.40508429612987,501.40508429612987,494.05276802726235,525.1399536132812
2022-03-21 00:00:00+05:30,518.3019200448539,519.1442603473064,498.5806866883936,499.8194580078125,1655968,0.0,0.0,-0.03768361799020625,1.786399697738093,499.56673583984383,521.9576866223105,477.1757850573772,502.0492440905298,501.40508429612987,501.7271641933298,489.20838251998555,537.725830078125
2022-03-22 00:00:00+05:30,500.46361850162725,500.46361850162725,482.1298027743399,487.6795043945313,1143012,0.0,0.0,-0.024288677479001652,1.7430104116311465,498.9399185180665,521.9236371097403,475.9561999263928,506.1619709891453,501.40508429612987,503.7835276426376,489.20838251998555,517.0136108398438
2022-03-23 00:00:00+05:30,489.31465642566616,490.5534277077565,479.4540249228516,480.2468566894531,1755374,0.0,0.0,-0.01524084493627842,1.7164454602251573,497.81759185791026,522.1272672763204,473.5079164395002,504.8240820634011,501.40508429612987,503.1145831797655,486.4681602439382,518.2028198242188
2022-03-24 00:00:00+05:30,481.63428730921055,481.63428730921055,474.5980601907789,478.0666198730469,2941035,0.0,0.0,-0.004539825271185682,1.7086530977482153,496.6804000854493,522.4251880281084,470.9356121427902,502.3960996973648,501.40508429612987,501.9005919967473,486.4681602439382,514.8828735351562
2022-03-25 00:00:00+05:30,482.52620545478544,482.52620545478544,469.44479827358384,473.8052673339844,1468764,0.0,0.0,-0.008913721146634579,1.6934226404985544,495.5456863403321,523.1750337556942,467.91633892497,499.8194687387672,499.8194687387672,499.8194687387672,486.4681602439382,515.0811157226562
2022-03-28 00:00:00+05:30,475.2421993630128,475.6881691189376,464.291473400463,470.435791015625,2003440,0.0,0.0,-0.00711152144280458,1.6813798290789181,495.1121154785157,524.0165469580913,466.2076839989401,497.2428063022068,497.2428063022068,497.2428063022068,484.02150337517025,499.125732421875
2022-03-29 00:00:00+05:30,473.7061338750809,479.65223597393134,471.9223153428015,478.1657104492188,861768,0.0,0.0,0.016431401651871846,1.7090072563798695,494.50016174316414,524.2917109810054,464.7086125053229,497.2428063022068,497.2428063022068,497.2428063022068,483.8991684888806,485.0533142089844
2022-03-30 00:00:00+05:30,481.2378891501709,486.7875907206224,479.7017945650471,485.5983581542969,1710457,0.0,0.0,0.015544083447755819,1.7355722077858584,493.27625579833983,522.404342163643,464.1481694330366,497.2428063022068,497.2428063022068,497.2428063022068,483.8991684888806,497.54010009765625
2022-03-31 00:00:00+05:30,490.3552171564575,501.6528355579469,487.1344117905016,499.17529296875,2916586,0.0,0.0,0.027959185994897995,1.784097393950919,492.8377319335938,521.319192682294,464.35627118489356,491.7178668738847,497.2428063022068,494.48033658804576,483.8991684888806,497.2427978515625
2022-04-01 00:00:00+05:30,502.9907095813688,516.0226084487167,501.7519382246583,513.5946044921875,1839975,0.0,0.0,0.028886268464293208,1.8356333102390312,493.19449920654296,522.5249668895203,463.86403152356564,490.15704092458986,497.2428063022068,493.69992361339837,483.0673085552321,495.65716552734375
2022-04-04 00:00:00+05:30,517.9551058409362,527.0228759145629,505.9637627700467,525.338134765625,2420693,0.0,0.0,0.02286536924399507,1.8776057436742235,494.63395233154296,527.1689655413918,462.09893912169406,495.65717465751294,497.2428063022068,496.4499904798599,482.8715858039235,495.5580749511719
2022-04-05 00:00:00+05:30,529.946390593786,542.9286903200773,527.0724168287251,539.0142211914062,1871307,0.0,0.0,0.026032921504704154,1.9264853066160763,497.7085845947266,534.5776216650759,460.8395475243773,503.61008186027016,503.61008186027016,503.61008186027016,482.6100194577465,491.1480407714844
2022-04-06 00:00:00+05:30,520.2839627635192,527.2210822670328,513.1981665044633,516.6171875,3004423,0.0,0.0,-0.04155184188257799,1.8464362937664553,499.2273193359375,536.5864739297615,461.86816474211355,503.61008186027016,503.61008186027016,503.61008186027016,482.6100194577465,498.5310974121094
2022-04-07 00:00:00+05:30,516.6171727263754,518.1532370465648,506.60792478086296,507.4007263183594,1770482,0.0,0.0,-0.01784002043416455,1.8134958325552788,500.18860626220703,537.3474356404698,463.02977688394424,503.61008186027016,503.61008186027016,503.61008186027016,482.6100194577465,519.045166015625
2022-04-08 00:00:00+05:30,511.8603105272681,515.3288702307443,506.4097167075199,513.1486206054688,4230498,0.0,0.0,0.01132811600175554,1.8340393237151653,501.03097076416014,538.5651430896802,463.49679843864016,507.4255028314394,503.61008186027016,505.5177923458548,482.6100194577465,505.9142150878906
2022-04-11 00:00:00+05:30,515.2793045324346,519.2433725577067,510.5224349994836,514.8828735351562,1167454,0.0,0.0,0.003379630890639973,1.8402376996682415,501.6255798339844,539.6440359797746,463.6071236881942,511.3152424425622,503.61008186027016,507.46266215141617,482.6100194577465,523.8020629882812
2022-04-12 00:00:00+05:30,517.3108873090015,520.2839383854899,508.2430573309599,513.2477416992188,1110786,0.0,0.0,-0.0031757355312884705,1.8343935914193885,502.1607299804688,540.5193636314302,463.8020963295073,515.0315510552895,503.61008186027016,509.3208164577798,482.6100194577465,526.8742065429688
2022-04-13 00:00:00+05:30,516.3198651988635,516.4685419459753,508.68902208031454,515.0315551757812,618477,0.0,0.0,0.0034755408190532133,1.8407691012245762,502.5695236206055,541.2960850997126,463.84296214149833,522.3403142723678,503.61008186027016,512.975198066319,482.6100194577465,523.9507446289062
2022-04-18 00:00:00+05:30,516.3199092127791,518.500158930632,511.9098710194391,513.1981811523438,930605,0.0,0.0,-0.003559731447545511,1.834216457567277,502.192936706543,540.3417507498432,464.0441226632428,524.446226545062,503.61008186027016,514.0281542026661,482.6100194577465,517.1126708984375
2022-04-19 00:00:00+05:30,515.3288503590765,519.5902114473623,496.2517727255914,499.5716857910156,1077806,0.0,0.0,-0.02655211156581061,1.7855141375501047,501.20191955566406,538.5240358186296,463.8798032926985,519.5902315228343,503.61008186027016,511.60015669155223,482.6100194577465,525.3876953125
2022-04-20 00:00:00+05:30,502.1483366067175,509.7295805247668,497.4905445109326,506.0628356933594,1599673,0.0,0.0,0.012993430346369017,1.808714091128819,501.5140884399414,538.8897129572837,464.1384639225992,511.7364274963121,503.61008186027016,507.67325467829113,482.6100194577465,521.3740234375
2022-04-21 00:00:00+05:30,510.7206090797252,515.7748322927804,508.93679049912686,513.5450439453125,1515422,0.0,0.0,0.014785136793737719,1.8354561763869197,502.80736541748047,539.9656928546985,465.64903798026245,508.2678555555407,503.61008186027016,505.9389687079054,482.6100194577465,531.0364379882812
2022-04-22 00:00:00+05:30,511.9593733817373,520.6307723921792,504.4276681502767,518.5001220703125,1831082,0.0,0.0,0.00964877021679067,1.8531660712758664,504.72002868652345,540.9530245164857,468.4870328565612,508.4412725588853,503.61008186027016,506.02567720957774,482.6100194577465,528.8562622070312
2022-04-25 00:00:00+05:30,513.0495340744724,524.1489370278334,498.48157147861593,510.9188232421875,2516823,0.0,0.0,-0.014621595068972648,1.8260698273861118,506.36263885498045,540.510143194851,472.2151345151098,510.2003548767124,503.61008186027016,506.9052183684913,482.6100194577465,515.5765991210938
2022-04-26 00:00:00+05:30,511.66207757700175,527.7165654689251,511.66207757700175,525.5363159179688,2196486,0.0,0.0,0.02861020579163953,1.8783140609375322,508.9491912841797,540.5563372919206,477.3420452764388,511.98416909725825,503.61008186027016,507.7971254787642,485.53352669556193,513.0990600585938
2022-04-27 00:00:00+05:30,524.2480140826609,530.7391635963273,518.5496661035015,525.1399536132812,1901393,0.0,0.0,-0.0007542053568556639,1.8768974264109157,511.6843994140625,538.5517908036865,484.81700802443856,513.4954681609594,503.61008186027016,508.55277501061477,488.0606176025194,508.8377075195313
2022-04-28 00:00:00+05:30,528.2120905408102,541.4421440359637,521.2254323974496,537.725830078125,2172557,0.0,0.0,0.023966709023461874,1.9218804808965906,514.6624053955078,539.0744913320993,490.2503194589163,518.8469583807776,503.61008186027016,511.22852012052385,488.0606176025194,508.14398193359375
2022-04-29 00:00:00+05:30,533.1671767748659,536.2393054574409,514.7342837056545,517.0136108398438,2965286,0.0,0.0,-0.0385181780002497,1.8478531464382102,516.2331680297851,536.636530407185,495.82980565238523,518.8469583807776,503.61008186027016,511.22852012052385,488.0606176025194,494.41839599609375
2022-05-02 00:00:00+05:30,515.1306307945678,521.2749483669916,510.6215154868677,518.2028198242188,923844,0.0,0.0,0.0023001502464186085,1.8521034863083354,517.1845443725585,536.0151099455899,498.35397879952717,519.4663442734482,503.61008186027016,511.53821306685916,488.0606176025194,486.88665771484375
2022-05-04 00:00:00+05:30,521.2749453232831,532.2752098986621,510.9683442628245,514.8828735351562,1918045,0.0,0.0,-0.0064066542327744225,1.840237699668242,517.2489578247071,536.0382847882087,498.4596308612055,519.9618577572899,503.61008186027016,511.78596980878,488.0606176025194,492.1885986328125
2022-05-05 00:00:00+05:30,515.4279474980875,521.324511088585,511.51347850980585,515.0811157226562,1275107,0.0,0.0,0.0003850238523936955,1.8409462350766883,516.7361068725586,535.1669288550161,498.30528489010106,519.9618577572899,503.61008186027016,511.78596980878,488.0606176025194,488.12542724609375
2022-05-06 00:00:00+05:30,503.4366626487561,515.031574259893,494.5175091766325,499.125732421875,2268170,0.0,0.0,-0.03097644781326514,1.7839202600988084,514.741682434082,531.65217110118,497.831193766984,517.979826606298,507.4255028314394,512.7026647188687,488.0606176025194,495.65716552734375
2022-05-09 00:00:00+05:30,497.6887817785482,497.6887817785482,482.67484905996105,485.0533142089844,1502698,0.0,0.0,-0.028194134861787123,1.7336241717029082,513.1634887695312,534.4564739133139,491.8705036257486,512.0584965479624,511.3152424425622,511.6868694952623,488.0606176025194,495.310302734375
2022-05-10 00:00:00+05:30,485.0533094061275,500.3149659962274,485.0533094061275,497.54010009765625,1531282,0.0,0.0,0.025743120442409673,1.7782530675569288,512.6704574584961,534.9200897938617,490.4208251231305,512.0584965479624,512.8017696900192,512.4301331189909,488.0606176025194,489.36419677734375
2022-05-11 00:00:00+05:30,501.4050815004612,501.4546202548891,489.5128770675389,497.2427978515625,1259082,0.0,0.0,-0.000597544290471097,1.7771904825893974,511.87516632080076,535.1252398875326,488.6250927540689,512.0584965479624,512.8017696900192,512.4301331189909,488.0606176025194,480.4450378417969
2022-05-12 00:00:00+05:30,496.49953605836623,497.68876860139096,483.61631456383776,495.65716552734375,1799507,0.0,0.0,-0.0031888492524573264,1.771523290047518,510.9138809204102,535.1663179888932,486.6614438519272,509.45707725870096,512.8017696900192,511.1294234743601,488.0606176025194,469.1474609375
2022-05-13 00:00:00+05:30,500.4636215568781,508.39175813599695,492.7832392458567,495.5580749511719,1648726,0.0,0.0,-0.00019991757017467915,1.7711691314158637,510.02939758300784,535.1608983657176,484.8978968002981,507.47502947931156,512.8017696900192,510.1383995846654,488.0606176025194,480.5441589355469
2022-05-16 00:00:00+05:30,500.61224120760886,501.4546117226292,488.026343209646,491.1480407714844,1159224,0.0,0.0,-0.008899126868474605,1.755407272609868,508.835221862793,535.1572326003513,482.51321112523465,507.47502947931156,512.0584965479624,509.76676301363693,494.4278931605827,480.5441589355469
2022-05-17 00:00:00+05:30,493.5264735825933,510.86927134904994,490.55342253691504,498.5310974121094,1302697,0.0,0.0,0.01503224288348548,1.7817949810911764,508.10186767578125,534.7156266858074,481.4881086657551,501.99968007427304,512.0584965479624,507.0290883111177,494.4278931605827,476.8278503417969
2022-05-18 00:00:00+05:30,501.40507509614514,521.3244930721125,498.48156277968377,519.045166015625,2333368,0.0,0.0,0.04114902502573026,1.8551141073588178,509.0755416870117,535.7955666209962,482.35551675302725,501.9996710660368,512.0584965479624,507.02908380699955,494.4278931605827,472.1205139160156
2022-05-19 00:00:00+05:30,510.3737919104087,516.3694330966401,503.486211164921,505.9142150878906,1576556,0.0,0.0,-0.02529828189814809,1.808182907717623,509.06811065673827,535.7916028668155,482.344618446661,501.9996710660368,512.0584965479624,507.02908380699955,494.4278931605827,477.8684387207031
2022-05-20 00:00:00+05:30,511.4638883049311,526.676036701052,502.8916268967652,523.8020629882812,2817153,0.0,0.0,0.035357472407220314,1.8721156849844562,509.5809616088867,537.0203888267964,482.1415343909769,505.14617563244485,512.0584965479624,508.6023360902036,494.4278931605827,478.3639526367188
2022-05-23 00:00:00+05:30,529.0048567777847,535.0500967044901,523.8020175840893,526.8742065429688,1501650,0.0,0.0,0.005865084870343873,1.883095802363992,509.99966583251955,538.223677167972,481.7756544970671,509.33320563416396,512.0584965479624,510.69585109106316,494.4278931605827,484.2109375
2022-05-24 00:00:00+05:30,531.1356184909331,531.5319890325706,520.5812623471337,523.9507446289062,1615087,0.0,0.0,-0.005548690518073607,1.8726470865407907,510.6512619018555,539.5313546495607,481.77116915415024,509.33320563416396,512.0584965479624,510.69585109106316,497.53513992191483,471.5259094238281
2022-05-25 00:00:00+05:30,526.7255481262451,529.7481379513248,514.2387578216727,517.1126708984375,1165592,0.0,0.0,-0.013050985804613946,1.8482071959972952,510.2300796508789,538.4610149083766,481.9991443933813,511.538219957068,512.0584965479624,511.7983582525152,503.61008186027016,473.6070251464844
2022-05-26 00:00:00+05:30,519.5902094758311,527.9643153597672,511.7612113402864,525.3876953125,1753281,0.0,0.0,0.01600236250193876,1.8777828775263357,510.24246673583986,538.5000531252421,481.98488034643765,511.538219957068,512.0584965479624,511.7983582525152,503.61008186027016,486.78759765625
2022-05-27 00:00:00+05:30,526.923754971483,530.4418532506414,514.7342578769243,521.3740234375,1375696,0.0,0.0,-0.007639447803612254,1.8634376532469563,509.4248764038086,535.2729106562516,483.5768421513656,512.8017596207026,512.0584965479624,512.4301280843324,503.61008186027016,495.0130004882813
2022-05-30 00:00:00+05:30,522.8605476962032,533.0680712382391,521.2749446827937,531.0364379882812,980868,0.0,0.0,0.018532596785462152,1.89797199190943,510.12601776123046,537.4924866075922,482.7595489148686,516.7658297420869,512.0584965479624,514.4121631450246,503.61008186027016,487.828125
2022-05-31 00:00:00+05:30,529.6986024877043,546.9423230029164,521.9191429976506,528.8562622070312,7603590,0.0,0.0,-0.004105510705647908,1.890179847577626,510.65868988037107,539.040356233604,482.2770235271381,524.9169749498408,514.8085860314387,519.8627804906398,503.61008186027016,494.3688659667969
2022-06-01 00:00:00+05:30,528.1625272373792,533.7121982950607,513.3468108500269,515.5765991210938,1623158,0.0,0.0,-0.02511015569810704,1.8427171373075275,510.693376159668,539.0975382907529,482.289214028583,524.9169749498408,514.8085860314387,519.8627804906398,503.61008186027016,494.51751708984375
2022-06-02 00:00:00+05:30,516.0225723533097,517.657714137661,508.58994473295337,513.0990600585938,1224004,0.0,0.0,-0.0048053753151781065,1.8338621898630543,510.59427337646486,538.949770921396,482.23877583153376,527.7661338679349,514.8085860314387,521.2873599496868,503.61008186027016,499.2248229980469
2022-06-03 00:00:00+05:30,518.3019080841119,518.3019080841119,507.5493974744419,508.8377075195313,687824,0.0,0.0,-0.008305126379642536,1.8186317326133936,511.07987213134766,538.956584434081,483.20315982861433,527.2458602386791,514.8085860314387,521.0272231350589,503.61008186027016,503.08978271484375
2022-06-06 00:00:00+05:30,508.7881671975933,511.364787279833,501.8014789927644,508.14398193359375,583249,0.0,0.0,-0.001363353335819606,1.8161522949741078,512.2344055175781,537.463441166968,487.0053698681883,524.3719009978404,514.8085860314387,519.5902435146395,503.61008186027016,495.5085144042969
2022-06-07 00:00:00+05:30,503.6844113835645,504.4276741647503,489.3642030353424,494.41839599609375,1084580,0.0,0.0,-0.027011214194196054,1.7670958163252815,512.0783203125,537.7088771480552,486.4477634769447,518.1532630191294,514.8085860314387,516.4809245252841,503.61008186027016,497.7383117675781
2022-06-08 00:00:00+05:30,491.0489413636369,493.4769451993397,482.47665005047736,486.88665771484375,1472376,0.0,0.0,-0.015233531644946119,1.7401767062876383,511.5605133056641,538.7570982036025,484.3639284077257,514.7094865266969,514.7094865266969,514.7094865266969,503.61008186027016,502.742919921875
2022-06-09 00:00:00+05:30,487.23351351571296,493.4273699120874,478.7603300628484,492.1885986328125,1765431,0.0,0.0,0.01088947670665874,1.7591263199962277,511.3870849609375,539.032544211505,483.7416257103701,512.8513265328825,512.8513265328825,512.8513265328825,503.61008186027016,501.95013427734375
2022-06-10 00:00:00+05:30,486.2425009330873,492.0399566217291,482.62529481325697,488.12542724609375,2168604,0.0,0.0,-0.008255313914229845,1.7446041800098748,511.0154525756836,539.6939899264491,482.3369152249181,512.8513265328825,512.8513265328825,512.8513265328825,503.61008186027016,503.3871154785156
2022-06-13 00:00:00+05:30,480.6432634497159,498.8779709009758,479.6522464116752,495.65716552734375,2792911,0.0,0.0,0.015429924074520374,1.771523290047518,511.24090881347655,539.3502982224084,483.1315194045448,506.23626417895457,512.8513265328825,509.5437953559185,503.61008186027016,502.8916015625
2022-06-14 00:00:00+05:30,493.4769454116424,498.2338150893613,490.5534330566561,495.310302734375,1012537,0.0,0.0,-0.000699803850509717,1.770283571227875,511.07986907958986,539.5172362355027,482.642501923677,498.53111907348017,512.8513265328825,505.6912228031813,503.61008186027016,508.5404052734375
2022-06-15 00:00:00+05:30,496.30131597969904,496.30131597969904,486.5893611937775,489.36419677734375,1234778,0.0,0.0,-0.012004809761084312,1.7490316537321116,509.59582061767577,539.2992931573675,479.892348077984,498.53111907348017,512.8513265328825,505.6912228031813,503.61008186027016,521.0767211914062
2022-06-16 00:00:00+05:30,490.0579150060248,490.1074537595092,474.2016427308046,480.4450378417969,1289736,0.0,0.0,-0.01822601447813932,1.7171537774884662,508.3223617553711,540.6459155442313,475.99880796651087,492.7832150053188,510.5719828668605,501.6775989360897,503.61008186027016,526.4282836914062
2022-06-17 00:00:00+05:30,472.9628825922226,480.4450491508368,466.81856484357,469.1474609375,2672949,0.0,0.0,-0.023514816502313463,1.6767752215045706,505.58963165283205,541.3172076277393,469.8620556779248,485.6231195041602,506.8804439232432,496.2517817137017,503.61008186027016,517.1622314453125
2022-06-20 00:00:00+05:30,470.4853419803373,482.6253007781448,469.4447861807584,480.5441589355469,912090,0.0,0.0,0.024292357834086564,1.7175080451926894,503.27312927246095,539.1895598328241,467.3566987120978,482.8482678722729,506.8804439232432,494.86435589775806,503.61008186027016,503.3375549316406
2022-06-21 00:00:00+05:30,482.6253007781448,491.0489456582562,473.6566086208141,480.5441589355469,1739570,0.0,0.0,0.0,1.7175080451926894,501.102799987793,537.0046916301794,465.20090834540656,482.8482678722729,506.8804439232432,494.86435589775806,503.61008186027016,510.373779296875
2022-06-22 00:00:00+05:30,477.3729278685424,479.305392981257,468.8997138955247,476.8278503417969,1674643,0.0,0.0,-0.007733542328309584,1.7042256240259794,499.08855895996095,535.6926562501594,462.4844616697625,482.8482678722729,506.8804439232432,494.86435589775806,503.61008186027016,509.8782653808594
2022-06-23 00:00:00+05:30,476.8278448770407,478.0666161825736,470.3862340882696,472.1205139160156,2090775,0.0,0.0,-0.009872192705201566,1.6874011802524527,496.4251998901367,532.734697015049,460.1157027652243,482.8482678722729,506.8804439232432,494.86435589775806,503.61008186027016,513.3468017578125
2022-06-24 00:00:00+05:30,473.6566162131354,483.319032554026,472.7151379081852,477.8684387207031,1442087,0.0,0.0,0.012174698271445905,1.707944780484908,494.2499206542969,529.5063819596965,458.9934593488973,482.52618996646567,506.8804439232432,494.70331694485446,503.61008186027016,518.4010009765625
2022-06-27 00:00:00+05:30,481.23789609613937,484.260486067636,476.67921151734765,478.3639526367188,1051651,0.0,0.0,0.0010369253875444073,1.7097157917883168,491.6162963867188,523.118412221278,460.11418055215955,481.55994041163456,506.8804439232432,494.2201921674389,503.61008186027016,517.7568969726562
2022-06-28 00:00:00+05:30,478.3639429437705,486.391156867634,472.863780160877,484.2109375,1230006,0.0,0.0,0.012222879318253277,1.7306134415798573,489.3840301513672,515.8966984401297,462.8713618626047,478.9337552509131,506.8804439232432,492.90709958707816,503.61008186027016,515.7748413085938
2022-06-29 00:00:00+05:30,481.53518787134806,481.53518787134806,469.2465822620645,471.5259094238281,1689593,0.0,0.0,-0.026197318345730025,1.6852760103173903,487.1814956665039,511.86090083404787,462.50209049895994,478.9337552509131,506.8804439232432,492.90709958707816,503.61008186027016,526.7750854492188
2022-06-30 00:00:00+05:30,473.6070251464844,478.5621102186248,471.2781291138906,473.6070251464844,2030507,0.0,0.0,0.004413576605364566,1.6927141050901093,485.20689392089844,507.4498264495511,462.9639613922458,479.97432977689044,506.8804439232432,493.4273868500668,503.61008186027016,515.0315551757812
2022-07-01 00:00:00+05:30,473.7061602140505,488.57141628771313,473.30975943410766,486.78759765625,846365,0.0,0.0,0.027830187919380966,1.739822656728554,484.10438842773436,503.5320037385151,464.67677311695365,479.97432977689044,506.8804439232432,493.4273868500668,503.61008186027016,518.6983642578125
2022-07-04 00:00:00+05:30,487.4812651028348,498.4815600512622,486.8371100898261,495.0130004882813,1321306,0.0,0.0,0.01689731388316873,1.769220986260345,483.4478393554688,500.267575609607,466.62810310133057,483.69063697339345,506.8804439232432,495.28554044831833,503.61008186027016,505.7159729003906
2022-07-05 00:00:00+05:30,497.3914331336383,498.82841990089713,486.53981497954936,487.828125,842519,0.0,0.0,-0.014514518772626439,1.7435415950423445,483.1183258056641,499.3050399077949,466.9316117035333,484.03750108148085,506.8804439232432,495.45897250236203,503.61008186027016,508.7881774902344
2022-07-06 00:00:00+05:30,477.6702224727442,497.39145589959054,475.8368348647727,494.3688659667969,2706381,0.0,0.0,0.013407880012651807,1.7669187915457398,483.49243621826173,500.34962034404094,466.6352520924825,484.03750108148085,500.26538156931537,492.1514413253981,505.6168982016897,505.66644287109375
2022-07-07 00:00:00+05:30,498.4320466070696,504.1799335059279,493.0805302434088,494.51751708984375,1414095,0.0,0.0,0.00030068868264221393,1.7674500840295055,483.60888214111327,500.73769466472515,466.4800696175014,486.7132578839962,492.56023646384097,489.6367471739186,505.6168982016897,507.00433349609375
2022-07-08 00:00:00+05:30,496.8959269562168,500.1663012628631,493.57601389602826,499.2248229980469,514837,0.0,0.0,0.009518987185539673,1.7842744187304633,484.1638519287109,502.5304441005553,465.79725975686654,486.7132578839962,492.56023646384097,489.6367471739186,505.6168982016897,508.0944519042969
2022-07-11 00:00:00+05:30,499.47257665088136,504.03126097852567,493.47693579441216,503.08978271484375,897184,0.0,0.0,0.007741922153602587,1.798088132380939,484.5354827880859,504.0927620003139,464.97820357585795,486.7132578839962,489.0916760617015,487.90246697284886,505.6168982016897,508.6890258789063
2022-07-12 00:00:00+05:30,498.4815654907226,500.7608925596066,494.4183896239195,495.5085144042969,1086489,0.0,0.0,-0.015069414190118868,1.7709919975637534,484.545393371582,504.12493235278555,464.96585439037847,487.72903130990926,485.6231195041602,486.6760754070347,505.6168982016897,511.3152465820313
2022-07-13 00:00:00+05:30,495.5085234122232,499.37348384615046,492.5354722717498,497.7383117675781,1169717,0.0,0.0,0.00450001826096158,1.778961493892807,484.96409912109374,505.2900948131429,464.6381034290446,488.7448464700178,485.49924917474897,487.12204782238337,505.6168982016897,510.2746887207031
2022-07-14 00:00:00+05:30,497.93651159091496,507.89622050042567,495.5085078052933,502.742919921875,1100706,0.0,0.0,0.010054697490583742,1.7968484135612963,486.07899322509763,507.70998895338994,464.4479974968053,491.8665276825992,487.35739267199784,489.61196017729856,505.6168982016897,508.3917541503906
2022-07-15 00:00:00+05:30,504.5267846480872,509.3827621294269,497.4905575660939,501.95013427734375,1138146,0.0,0.0,-0.0015769205554490018,1.7940149263629255,487.71912689208983,508.93207425123694,466.5061795329427,492.6097984970998,488.10066348649843,490.3552309917991,505.6168982016897,518.4505615234375
2022-07-18 00:00:00+05:30,505.0222875390488,506.9547526129735,499.1752930759763,503.3871154785156,998231,0.0,0.0,0.002862796726293748,1.7991508264210394,488.8612747192383,510.85990913584084,466.8626403026357,492.6097984970998,488.10066348649843,490.3552309917991,505.6168982016897,512.8017578125
2022-07-19 00:00:00+05:30,503.2384333265873,505.6168983819484,499.07617996658433,502.8916015625,666595,0.0,0.0,-0.0009843595530739657,1.797379815117631,489.97864685058596,512.4443058879837,467.5129878131882,500.95911720058837,488.10066348649843,494.5298903435434,509.4323191728589,510.9683532714844
2022-07-20 00:00:00+05:30,505.41867748247086,512.0585035781456,500.7113466627812,508.5404052734375,1729531,0.0,0.0,0.011232646744122388,1.8175691476458633,491.564274597168,514.5693537640152,468.5591954303207,502.29698792494776,489.4385342108578,495.8677610679028,512.8513265328825,518.3514404296875
2022-07-21 00:00:00+05:30,509.5809483033311,523.6038024182728,508.19350032272206,521.0767211914062,1354647,0.0,0.0,0.024651563155985823,1.8623750682794267,494.0120849609375,518.6020904302267,469.42207949164833,508.0696373450113,495.2111836309214,501.6404104879664,512.8513265328825,520.8785400390625
2022-07-22 00:00:00+05:30,522.7119696505976,528.4103178465043,520.333504469727,526.4282836914062,1566939,0.0,0.0,0.010270200687077402,1.881502033985266,496.44007720947263,523.654012415333,469.2261420036122,510.47289505912704,497.61444134503716,504.04366820208213,510.5719828668605,521.8695678710938
2022-07-25 00:00:00+05:30,526.4282773000257,526.9733245886838,515.6261670911374,517.1622314453125,1087243,0.0,0.0,-0.017601737089653624,1.8483843298494087,498.37999114990237,525.6955081193668,471.06447418043797,510.47289505912704,498.6550158710145,504.56395546507076,506.8804439232432,518.8469848632812
2022-07-26 00:00:00+05:30,516.3198843684804,517.2613626657608,501.05822780819614,503.3375549316406,1616824,0.0,0.0,-0.026731798404991958,1.7989736925689281,499.33632202148436,525.922342101712,472.7503019412567,511.95941282589877,498.6550158710145,505.3072143484566,506.8804439232432,516.1712036132812
2022-07-27 00:00:00+05:30,500.463608825091,511.31525758907054,499.7203460397072,510.373779296875,880329,0.0,0.0,0.013979136458812436,1.8241217913031629,501.2787155151367,524.9391110451243,477.6183199851492,512.9504377062991,498.6550158710145,505.8027267886568,506.8804439232432,515.8243408203125
2022-07-28 00:00:00+05:30,512.5044847228596,513.2477475003827,504.72496469265656,509.8782653808594,1519220,0.0,0.0,-0.0009708843520493948,1.8223507799997543,503.09227752685547,523.2577334711575,482.92682158255343,513.7432489065443,498.8284500542844,506.28584948041436,506.8804439232432,518.0541381835938
2022-07-29 00:00:00+05:30,511.26569026976136,515.9730209808611,507.9457470550702,513.3468017578125,1476670,0.0,0.0,0.006802675486397236,1.8347476409784755,504.4202377319336,523.5781393414132,485.262336122454,513.7432489065443,498.8284500542844,506.28584948041436,506.8804439232432,516.9640502929688
2022-08-01 00:00:00+05:30,518.9956475059361,519.6893715467647,513.6441311759799,518.4010009765625,705989,0.0,0.0,0.009845584313456834,1.8528118035716452,505.58963775634766,525.1631568716963,486.01611864099897,514.0653319431058,498.8284500542844,506.4468909986951,506.8804439232432,517.0136108398438
2022-08-02 00:00:00+05:30,519.1938838677536,521.2749955869405,511.7116563590805,517.7568969726562,1194541,0.0,0.0,-0.0012424821763323823,1.8505097179296093,507.0860763549805,525.5309907820318,488.64116192792915,514.0653319431058,498.8284500542844,506.4468909986951,506.8804439232432,517.6082153320312
2022-08-03 00:00:00+05:30,518.3019227158551,520.1352800832906,509.9278164560525,515.7748413085938,1308692,0.0,0.0,-0.003828158882386079,1.8434256727159752,508.1563751220703,525.9930559418407,490.31969430229987,514.0653319431058,498.8284500542844,506.4468909986951,506.8804439232432,518.6487426757812
2022-08-04 00:00:00+05:30,515.7748207101594,528.658041983992,511.662075877992,526.7750854492188,1271045,0.0,0.0,0.021327608986735136,1.8827415346597707,509.7692535400391,528.2112453049523,491.32726177512586,514.1891940118496,499.9680855489413,507.07863978039546,506.8804439232432,529.4013061523438
2022-08-05 00:00:00+05:30,532.0274607035401,532.3248141977638,513.3963529050642,515.0315551757812,2069247,0.0,0.0,-0.022293253036868577,1.8407691012245782,510.5595901489258,528.4676814649699,492.6514988328817,516.0225801187355,502.81728681593574,509.4199334673356,506.8804439232432,518.9956665039062
2022-08-08 00:00:00+05:30,519.4911658250337,523.1579411211746,515.8739292855537,518.6983642578125,1321518,0.0,0.0,0.007119581402696307,1.8538746066843146,511.3400192260742,529.2382864998626,493.44175195228576,516.0225801187355,504.08082453126826,510.0517023250019,506.8804439232432,504.080810546875
2022-08-10 00:00:00+05:30,523.2569862410752,525.139942772679,504.7249558809947,505.7159729003906,1647830,0.0,0.0,-0.02502878792763874,1.8074743723091782,511.8503921508789,528.4339323081451,495.2668519936127,518.5248850393792,504.08082453126826,511.30285478532375,506.8804439232432,507.5494079589844
2022-08-11 00:00:00+05:30,510.1755650676303,510.32424181983146,504.42767827697793,508.7881774902344,1220917,0.0,0.0,0.006074960559825593,1.818454707833852,512.4028854370117,527.7459362057506,497.0598346682729,518.3762462373709,504.08082453126826,511.22853538431957,506.8804439232432,522.5137329101562
2022-08-12 00:00:00+05:30,508.78817073080194,510.0269420264195,501.7519134795663,505.66644287109375,2148477,0.0,0.0,-0.0061356272752634,1.8072973475296354,512.5490615844726,527.5700733104476,497.52804985849764,517.0383638386651,512.4301432347568,514.7342535367109,506.8804439232432,530.4913940429688
2022-08-16 00:00:00+05:30,505.6664544175894,516.1216722939624,502.9411575050007,507.00433349609375,1238259,0.0,0.0,0.0026457967378725744,1.8120790889560952,512.8017715454101,527.2542886654339,498.3492544253864,517.0383638386651,512.4301432347568,514.7342535367109,506.8804439232432,544.5143432617188
2022-08-17 00:00:00+05:30,508.8377146892689,512.9008603856976,506.16195656599336,508.0944519042969,590860,0.0,0.0,0.002150116549667569,1.8159752701945662,513.0371383666992,527.0089066005208,499.0653701328776,517.0383638386651,512.4301432347568,514.7342535367109,506.8804439232432,538.0726928710938
2022-08-18 00:00:00+05:30,509.2836723849159,510.3737669156152,507.1034228366384,508.6890258789063,682162,0.0,0.0,0.0011702036351333156,1.81810033105706,513.3270095825195,526.6642277162242,499.98979144881474,517.0383638386651,512.4301432347568,514.7342535367109,506.8804439232432,521.522705078125
2022-08-19 00:00:00+05:30,510.3737683101028,515.2297759314943,505.8646529398845,511.3152465820313,1209484,0.0,0.0,0.00516272333295853,1.827486680057868,513.4657516479492,526.6562545196753,500.2752487762232,517.0383638386651,512.4301432347568,514.7342535367109,506.8804439232432,531.631103515625
2022-08-22 00:00:00+05:30,510.37376622813184,514.3378343153406,506.1124051317582,510.2746887207031,1069955,0.0,0.0,-0.0020350612822206404,1.8237676326715082,512.925650024414,525.6989199269673,500.1523801218608,513.4459281261227,513.9166610015285,513.6812945638255,506.8804439232432,542.4827270507812
2022-08-23 00:00:00+05:30,506.4097200211494,512.702654186738,505.6664572226839,508.3917541503906,966053,0.0,0.0,-0.0036900410934219696,1.8170378551620974,512.0238235473632,523.3003693664361,500.7472777282903,513.4459281261227,514.9076858819288,514.1768070040257,506.8804439232432,533.5635986328125
2022-08-24 00:00:00+05:30,508.3917148993909,521.1262590018276,504.5267546944575,518.4505615234375,1632111,0.0,0.0,0.01978554390571663,1.8529889374237563,512.0882400512695,523.4968452936224,500.6796348089166,511.43908624069695,515.700497082174,513.5697916614355,506.8804439232432,533.0184936523438
2022-08-25 00:00:00+05:30,522.2164192953363,522.2164192953363,511.1170168181959,512.8017578125,1169236,0.0,0.0,-0.010895549412346717,1.832799604895524,512.5614501953125,523.2324921727962,501.89040821782885,511.9841663874513,515.700497082174,513.8423317348127,506.8804439232432,524.7435302734375
2022-08-26 00:00:00+05:30,515.3288523709128,516.2703306408894,507.6484704365387,510.9683532714844,1300916,0.0,0.0,-0.0035752696106903237,1.8262468521656559,512.591178894043,523.2407353145232,501.9416224735627,512.5787884001685,516.0225801187355,514.300684259452,506.8804439232432,521.3740234375
2022-08-29 00:00:00+05:30,505.6664346657758,521.4236294850954,500.4635953086071,518.3514404296875,2408316,0.0,0.0,0.014449206317637353,1.8526346697195333,513.0148376464844,523.8733790672751,502.15629622569367,511.3400073019717,516.0225801187355,513.6812937103537,506.8804439232432,520.3829956054688
2022-08-30 00:00:00+05:30,519.7389067176657,522.3650656219215,516.8153943073333,520.8785400390625,1844365,0.0,0.0,0.0048752630209345504,1.8616667510161182,513.3914245605469,524.7850681773873,501.9977809437064,511.41433046526436,516.0225801187355,513.7184552919999,506.8804439232432,516.6171875
2022-09-01 00:00:00+05:30,512.1576126265687,526.8742524929057,512.1576126265687,521.8695678710938,1382520,0.0,0.0,0.0019026082970454716,1.8652087736229352,513.5648529052735,525.3611459726455,501.7685598379014,513.6689239007565,516.0225801187355,514.845752009746,506.8804439232432,510.22509765625
2022-09-02 00:00:00+05:30,521.8695748874404,524.7930873974498,516.864950685225,518.8469848632812,351979,0.0,0.0,-0.005791836109821036,1.8544057900955109,513.6193572998047,525.5033240716333,501.7353905279762,513.6689239007565,516.0225801187355,514.845752009746,506.8804439232432,502.2969970703125
2022-09-05 00:00:00+05:30,518.6983454671426,519.9866555280664,513.3468292302222,516.1712036132812,505820,0.0,0.0,-0.005157168352255326,1.8448423072425912,513.6391754150391,525.5389369589424,501.73941387113575,513.6689239007565,516.0225801187355,514.845752009746,506.8804439232432,503.83306884765625
2022-09-06 00:00:00+05:30,515.3288323276897,518.7973917760492,508.83768317170666,515.8243408203125,945938,0.0,0.0,-0.000671991754946144,1.8436025884229483,513.0916381835938,523.4100308938366,502.77324547335087,513.6689239007565,516.3942047531855,515.031564326971,506.8804439232432,510.9188232421875
2022-09-07 00:00:00+05:30,514.3873631760713,520.0361721890786,510.8692649137113,518.0541381835938,537305,0.0,0.0,0.0043227843023754264,1.8515720847520019,513.2427673339844,523.7591912900182,502.7263433779505,513.6689239007565,516.3942047531855,515.031564326971,506.8804439232432,506.90521240234375
2022-09-08 00:00:00+05:30,519.9866400926496,521.0767346148695,513.3468139919038,516.9640502929688,702230,0.0,0.0,-0.0021041968595156835,1.8476760125860998,513.1560516357422,523.5168817250486,502.7952215464357,513.6689239007565,516.3942047531855,515.031564326971,506.8804439232432,509.3332214355469
2022-09-09 00:00:00+05:30,522.3155279011239,522.3155279011239,515.8243782738248,517.0136108398438,409296,0.0,0.0,9.586845902909147e-05,1.8478531464382115,513.7209335327149,523.6140140724824,503.8278529929473,513.6689239007565,516.3942047531855,515.031564326971,506.8804439232432,511.2161254882813
2022-09-12 00:00:00+05:30,519.2434177294622,521.076775155893,516.3199052091164,517.6082153320312,487837,0.0,0.0,0.0011500751232091933,1.849978316373274,514.1619354248047,523.9201207947925,504.4037500548169,517.8559678323062,516.3942047531855,517.1250862927459,506.8804439232432,512.3558349609375
2022-09-13 00:00:00+05:30,520.0857294783493,524.9912759141396,516.6667085996543,518.6487426757812,839395,0.0,0.0,0.0020102604883938113,1.8536972546870645,514.8110504150391,523.921264164016,505.7008366660622,517.8559678323062,516.3942047531855,517.1250862927459,506.8804439232432,519.1442260742188
2022-09-14 00:00:00+05:30,516.121653840152,531.680633209454,515.3288523185761,529.4013061523438,1766362,0.0,0.0,0.0207318799638625,1.8921278836605782,515.9308990478515,526.3541246075874,505.5076734881157,520.2591581905804,516.3942047531855,518.3266814718829,506.8804439232432,514.4865112304688
2022-09-15 00:00:00+05:30,533.1671989129519,533.9600004942562,516.815416790157,518.9956665039062,1162980,0.0,0.0,-0.019655485408725304,1.8549371916518453,516.475959777832,526.3210065460637,506.63091300960036,521.3988418329814,517.2117979014316,519.3053198672064,506.8804439232432,515.18017578125
2022-09-16 00:00:00+05:30,516.418954529219,521.2254234577148,501.5537291962637,504.080810546875,2709742,0.0,0.0,-0.028737920024461294,1.8016301549877558,516.2455490112304,526.9933194816405,505.49777854082043,517.75686484526,517.2117979014316,517.4843313733459,506.8804439232432,511.76123046875
2022-09-19 00:00:00+05:30,506.11242113455927,509.6305195758203,501.15733586887313,507.5494079589844,635271,0.0,0.0,0.006881034428480426,1.814027234111615,516.0572570800781,527.2709341049973,504.84358005515884,517.5586681815646,517.2117979014316,517.3852330414982,506.8804439232432,514.7838134765625
2022-09-20 00:00:00+05:30,510.1260199440548,529.2030979118509,509.3827571660887,522.5137329101562,2557425,0.0,0.0,0.029483484201761057,1.8675110774101091,516.6692092895507,527.8897202972712,505.44869828183033,517.5586681815646,517.2117979014316,517.3852330414982,506.8804439232432,514.288330078125
2022-09-21 00:00:00+05:30,523.7029517104244,539.0141766321383,522.8110122055175,530.4913940429688,3107895,0.0,0.0,0.015267849685750123,1.89602395582648,517.7741912841797,529.8463930800079,505.7019894883514,520.0857562505057,519.7388859703727,519.9123211104393,500.26538156931537,519.8379516601562
2022-09-22 00:00:00+05:30,532.1761685963269,545.9017308728202,530.4914274735991,544.5143432617188,3965300,0.0,0.0,0.026433886348049107,1.9461432375879757,519.0773803710938,535.9104039190102,502.2443568231774,523.5295333708466,523.1826630907136,523.3560982307802,499.5716895206669,526.62646484375
2022-09-23 00:00:00+05:30,549.3702503920631,549.3702503920631,535.5456116155399,538.0726928710938,1834851,0.0,0.0,-0.011830083946069436,1.9231201997162346,520.3409271240234,538.8310877727752,501.85076647527177,525.2637931304681,524.9169228503351,525.0903579904016,499.5716895206669,525.09033203125
2022-09-26 00:00:00+05:30,537.9240246083843,546.9423157531688,520.0361795529617,521.522705078125,3214256,0.0,0.0,-0.030757903183415425,1.8639690548032921,520.8686447143555,538.8486591065275,502.8886303221834,525.2637931304681,524.9169228503351,525.0903579904016,499.5716895206669,534.8023681640625
2022-09-27 00:00:00+05:30,521.572256359003,536.487050722331,518.0541579623258,531.631103515625,2277210,0.0,0.0,0.019382470483208847,1.9000973799896317,521.5326278686523,540.0700681580604,502.99518757924426,525.2637931304681,524.9169228503351,525.0903579904016,499.5716895206669,534.3563842773438
2022-09-28 00:00:00+05:30,529.6985836254078,548.032398025913,526.0318086479314,542.4827270507812,3139646,0.0,0.0,0.02041194253570855,1.9388820585222304,522.6128372192383,543.2906995481165,501.93497489035997,525.2637931304681,524.9169228503351,525.0903579904016,499.5716895206669,500.364501953125
2022-09-29 00:00:00+05:30,545.1584496135264,547.4873759500998,527.2210653808473,533.5635986328125,2384651,0.0,0.0,-0.01644131319435327,1.907004291351154,523.1975387573242,544.4184296886848,501.9766478259636,525.2637931304681,524.9169228503351,525.0903579904016,499.5716895206669,497.7383117675781
2022-09-30 00:00:00+05:30,533.5636014167961,536.7844068142174,524.3470945054402,533.0184936523438,1942784,0.0,0.0,-0.0010216307519207435,1.905056037123065,523.9061141967774,545.4460866456172,502.3661417479375,529.3765037790758,524.9169228503351,527.1467133147055,499.5716895206669,499.5221252441406
2022-10-03 00:00:00+05:30,535.1492093440155,536.9330279444528,518.3514581755634,524.7435302734375,1776834,0.0,0.0,-0.015524720957062144,1.8754805737391627,524.3347305297851,545.5779070135742,503.09155404599613,533.7122041771945,524.9169228503351,529.3145635137648,499.5716895206669,494.6661376953125
2022-10-04 00:00:00+05:30,532.1761330137215,532.1761330137215,515.3288438866578,521.3740234375,3048584,0.0,0.0,-0.006421245125560082,1.8634376532469574,524.6122146606446,545.5428050106829,503.68162431060625,532.3495471393604,524.9169228503351,528.6332349948477,499.5716895206669,495.06256103515625
2022-10-06 00:00:00+05:30,526.6759897641562,526.6759897641562,517.8063756343832,520.3829956054688,1156219,0.0,0.0,-0.001900800169324257,1.8598956306401404,524.7286575317382,545.5362370190915,503.921078044385,532.3495471393604,525.2637931304681,528.8066701349143,499.5716895206669,493.4769592285156
2022-10-07 00:00:00+05:30,522.0182426393976,525.2390481231718,510.5720075559765,516.6171875,1761023,0.0,0.0,-0.007236608684892176,1.846436293766457,524.7113143920899,545.5456026917324,503.8770260924474,529.3022027909448,525.2637931304681,527.2829979607064,499.5716895206669,488.9678039550781
2022-10-10 00:00:00+05:30,506.409706255923,512.3062697275118,506.409706255923,510.22509765625,644597,0.0,0.0,-0.012372971705959745,1.8235903897468273,524.3718887329102,545.9137219313859,502.8300555344344,527.221052140918,525.2637931304681,526.2424226356931,499.5716895206669,483.9136047363281
2022-10-11 00:00:00+05:30,512.8017838328789,512.8017838328789,497.58966609003687,502.2969970703125,1484169,0.0,0.0,-0.015538437098362445,1.795254645182568,523.6063278198242,547.0788236805721,500.13383195907625,522.8110320579749,523.47995824105,523.1454951495125,500.6122640466442,481.7333984375
2022-10-12 00:00:00+05:30,502.4456510079594,507.8467060994055,498.0356129796455,503.83306884765625,1655770,0.0,0.0,0.0030580946856202385,1.8007447038723359,522.8655441284179,547.8219470393518,497.909141217484,522.5385210200684,523.47995824105,523.0092396305593,500.6122640466442,485.1028442382813
2022-10-13 00:00:00+05:30,503.68441094235897,514.6351371448611,503.4366566821808,510.9188232421875,1374739,0.0,0.0,0.014063694569984131,1.826069827386113,521.9414199829101,547.2315204924789,496.65131947334135,517.2613470172448,523.47995824105,520.3706526291473,500.6122640466442,481.63427734375
2022-10-14 00:00:00+05:30,517.3108912493127,519.1938478068492,505.5673333590455,506.90521240234375,831377,0.0,0.0,-0.007855672285421389,1.8117248212518715,521.336897277832,547.4533560505046,495.22043850515945,517.2613470172448,523.47995824105,520.3706526291473,500.78569822991415,486.1929626464844
2022-10-17 00:00:00+05:30,508.3917431471576,511.76122528869394,505.41869201764206,509.3332214355469,1054028,0.0,0.0,0.004789867955186766,1.8204027439168022,521.5995178222656,547.1086764452832,496.09035919924804,514.8828995518792,523.47995824105,519.1814288964646,500.78569822991415,485.1028442382813
2022-10-18 00:00:00+05:30,511.9098495266832,514.0405603974432,508.3422123104461,511.2161254882813,446492,0.0,0.0,0.00369680196282407,1.827132412353644,521.7828536987305,546.9317492385583,496.6339581589028,512.1328279270965,523.47995824105,517.8063930840733,500.78569822991415,481.8820495605469
2022-10-19 00:00:00+05:30,512.3558349609375,515.130670712479,510.3738007831389,512.3558349609375,495441,0.0,0.0,0.0022294082988238983,1.8312058365167954,521.2749588012696,546.7560130923537,495.7939045101855,511.4143571066043,523.47995824105,517.4471576738272,500.78569822991415,482.0802612304688
2022-10-20 00:00:00+05:30,510.9187971536836,520.2343810554655,509.5809484117862,519.1442260742188,1609093,0.0,0.0,0.013249368212618906,1.8554681569179032,520.707600402832,545.8417580198359,495.57344278582815,508.9120235727512,523.47995824105,516.1959909069005,500.78569822991415,497.886962890625
2022-10-21 00:00:00+05:30,519.5902126022805,521.9686776501298,510.9683524124253,514.4865112304688,910520,0.0,0.0,-0.008971909172469816,1.838821065141626,519.2062088012696,541.9183747156387,496.49404288690044,509.77917187008336,523.47995824105,516.6295650555667,501.8014716558272,502.7925109863281
2022-10-24 00:00:00+05:30,519.7884291380452,519.8379678918742,514.4865122538863,515.18017578125,61633,0.0,0.0,0.001348265767205925,1.8413002846357736,518.0615829467773,539.0818954621298,497.04127043142483,510.0021453148877,523.47995824105,516.7410517779688,503.6348799641819,496.99505615234375
2022-10-25 00:00:00+05:30,515.1306521575116,518.0541645618364,509.3332265910266,511.76123046875,720882,0.0,0.0,-0.0066364069760939115,1.829080666581733,517.5735092163086,538.7039124174046,496.4431060152126,512.7026671661554,523.47995824105,518.0913127036026,504.8984176795144,499.3239440917969
2022-10-27 00:00:00+05:30,515.3288607511348,517.7568645962806,511.7612236022251,514.7838134765625,1932746,0.0,0.0,0.0059062367914113345,1.839883650109157,516.7311447143554,536.8617733427155,496.60051608599525,513.693684833886,523.47995824105,518.586821537468,504.8984176795144,496.4500122070313
2022-10-28 00:00:00+05:30,517.3109201001073,517.3109201001073,508.04493451912094,514.288330078125,1619952,0.0,0.0,-0.0009625077274502125,1.8381127478783177,515.3214248657226,531.5797072051565,499.0631425262887,513.693684833886,523.47995824105,518.586821537468,504.8984176795144,497.6391906738281
2022-10-31 00:00:00+05:30,515.3288364386931,521.6217701504532,511.8602769626634,519.8379516601562,1483039,0.0,0.0,0.010790875968716307,1.8579475945571888,514.6351425170899,528.7513624644188,500.51892256976106,515.0068060846254,523.47995824105,519.2433821628376,515.774824451944,505.8646545410156
2022-11-01 00:00:00+05:30,522.4641812922422,528.2120678696205,517.3108807278459,526.62646484375,1253309,0.0,0.0,0.013058902609772716,1.8822103512485726,514.3155410766601,526.9487653621319,501.6823167911883,518.1285011943708,523.47995824105,520.8042297177103,519.218601572285,505.9142150878906
2022-11-02 00:00:00+05:30,526.5273187752758,526.9237497691028,521.4236175292991,525.09033203125,680852,0.0,0.0,-0.0029169305286542713,1.8767200744136665,514.3328811645508,527.0247632867864,501.64099904231523,518.1285011943708,522.8110320579749,520.4697666261728,520.9528613319064,519.045166015625
2022-11-03 00:00:00+05:30,525.2390295631143,536.3879712283691,524.2480125262027,534.8023681640625,1299181,0.0,0.0,0.018495934014329807,1.9114317650733899,515.004298400879,530.2998601741041,499.70873662765376,522.2164528737451,522.8110320579749,522.51374246586,520.9528613319064,528.955322265625
2022-11-04 00:00:00+05:30,533.9599532783047,537.1312198099828,527.8652349545065,534.3563842773438,774772,0.0,0.0,-0.0008339227970320939,1.909837778549524,515.7029678344727,533.0768410404801,498.32909462846527,522.5880771645518,522.8110320579749,522.6995546112634,520.9528613319064,523.2570190429688
2022-11-07 00:00:00+05:30,518.9461018638933,520.2839506851888,494.61661516674087,500.364501953125,5483662,0.0,0.0,-0.06361275606389338,1.7883477338210452,514.8903335571289,533.5070165797026,496.2736505345551,515.8739174883618,521.0519955584203,518.4629565233911,522.4393790986782,520.3829956054688
2022-11-09 00:00:00+05:30,500.4140698913802,502.4456427399943,492.0895025033028,497.7383117675781,1648043,0.0,0.0,-0.005248554154612894,1.7789614938928062,514.2659942626954,534.2681585755372,494.2638299498535,514.6103611566427,514.6103611566427,514.6103611566427,523.4304039790785,514.4865112304688
2022-11-10 00:00:00+05:30,499.3239399828673,500.81046553789616,493.72469977428005,499.5221252441406,1405812,0.0,0.0,0.0035838380015951188,1.7853370036979936,514.1272506713867,534.498700922837,493.7558004199364,514.6103611566427,514.6103611566427,514.6103611566427,524.2232151793237,509.5809631347656
2022-11-11 00:00:00+05:30,502.0492265649867,502.0492265649867,493.5760129285672,494.6661376953125,671057,0.0,0.0,-0.009721266193073563,1.7679812674407012,513.6689041137695,535.3321591486375,492.0056490789014,514.6103611566427,514.6103611566427,514.6103611566427,524.2232151793237,520.7299194335938
2022-11-14 00:00:00+05:30,497.14370291324747,501.00866340487937,490.8011997675642,495.06256103515625,1914318,0.0,0.0,0.0008013957488393064,1.7693981201124556,512.876091003418,536.0109764357247,489.7412055711112,513.9662097887735,513.9662097887735,513.9662097887735,524.5452982158852,521.3740234375
2022-11-15 00:00:00+05:30,497.54010499708806,497.54010499708806,490.9498475686759,493.4769592285156,1051406,0.0,0.0,-0.0032028311802152487,1.7637310366431451,512.2046783447265,536.7460900259359,487.66326666351716,513.9662097887735,513.9662097887735,513.9662097887735,524.5452982158852,517.0136108398438
2022-11-16 00:00:00+05:30,493.4273806575851,494.4183977025866,487.580386140764,488.9678039550781,998584,0.0,0.0,-0.00913751936967222,1.7476149101329264,511.1864074707031,537.7494184584152,484.6233964829909,512.3558029753734,512.3558029753734,512.3558029753734,524.5452982158852,517.65771484375
2022-11-17 00:00:00+05:30,490.5534309495873,490.5534309495873,481.3369846473043,483.9136047363281,2386069,0.0,0.0,-0.010336466282377832,1.7295507475397567,509.82128143310547,538.9493982623552,480.69316460385573,509.23410222864356,509.23410222864356,509.23410222864356,524.5452982158852,510.9188232421875
2022-11-18 00:00:00+05:30,485.4001434098036,487.1839922621008,477.6702224468368,481.7333984375,1134351,0.0,0.0,-0.004505362687655889,1.7217584941353836,508.29015960693357,539.8683405735453,476.71197864032183,498.97708656601276,507.4007211284098,503.1889038472113,523.47995824105,513.7927856445312
2022-11-21 00:00:00+05:30,481.18831480741954,489.9092829622617,478.0170784048371,485.1028442382813,1191076,0.0,0.0,0.006994420174540661,1.733801196482451,506.58809051513674,539.3043539639391,473.87182706633433,490.05793259341556,507.4007211284098,498.7293268609127,523.47995824105,514.23876953125
2022-11-22 00:00:00+05:30,484.8550826963573,486.4902547497624,477.8188557235117,481.63427734375,1726964,0.0,0.0,-0.007150168125642953,1.7214042264311604,504.94547882080076,539.1906445702894,470.7003130713122,489.8597245059118,507.4007211284098,498.6302228171608,523.47995824105,514.5360717773438
2022-11-23 00:00:00+05:30,483.61631231089416,486.9362254215524,479.8999984355543,486.1929626464844,1354580,0.0,0.0,0.009465035021751111,1.7376973777209217,503.4961181640625,538.3409021665458,468.65133416157926,489.8597245059118,507.4007211284098,498.6302228171608,523.47995824105,510.7702026367188
2022-11-24 00:00:00+05:30,487.4812791010781,487.4812791010781,482.3280086055916,485.1028442382813,1576614,0.0,0.0,-0.002242151762685385,1.733801196482451,502.16319885253904,537.6817253525003,466.64467235257786,489.33944292585807,507.4007211284098,498.37008202713395,523.47995824105,505.2700500488281
2022-11-25 00:00:00+05:30,487.28310468127535,487.28310468127535,479.7513689119493,481.8820495605469,1512539,0.0,0.0,-0.006639405882667648,1.722289786619149,500.51811065673826,536.5955665352683,464.4406547782083,487.6051637219624,507.4007211284098,497.5029424251861,523.47995824105,501.702392578125
2022-11-28 00:00:00+05:30,479.7513650893503,485.301066677447,477.1747146830796,482.0802612304688,2225302,0.0,0.0,0.0004113281872664132,1.7229982129550265,498.90770721435547,535.2600370859086,462.55537734280233,485.7965561928331,507.1529672465312,496.4747617196822,523.47995824105,506.0133056640625
2022-11-29 00:00:00+05:30,482.0802589933333,503.73395747239465,482.0802589933333,497.886962890625,4005638,0.0,0.0,0.03278852699716617,1.7794927863765715,497.8101577758789,532.8566577883803,462.7636577633775,490.45433607773714,507.1529672465312,498.80365166213414,523.47995824105,501.603271484375
2022-11-30 00:00:00+05:30,497.8869644463752,504.6258985943631,496.1526845929389,502.7925109863281,3141017,0.0,0.0,0.009852734578994715,1.7970256564859757,496.6184600830078,529.1705647353867,464.06635543062885,490.90030663872136,507.1529672465312,499.0266369426263,523.47995824105,510.8692932128906
2022-12-01 00:00:00+05:30,504.57633062123375,505.3691624161952,496.1526856017025,496.99505615234375,1180104,0.0,0.0,-0.011530511507841457,1.776305031473978,495.2136962890625,525.009399758206,465.4179928199191,491.2719385496374,507.1529672465312,499.2124528980843,523.47995824105,508.4412841796875
2022-12-02 00:00:00+05:30,496.54907822017816,501.30597818147874,494.1211046063819,499.3239440917969,1542730,0.0,0.0,0.004685937839066234,1.7846286864346856,493.43977508544924,517.1376802766838,469.74186989421474,491.2719385496374,507.1529672465312,499.2124528980843,523.47995824105,510.3242492675781
2022-12-05 00:00:00+05:30,500.4140804781933,501.9501448358922,495.31031838431954,496.4500122070313,1003133,0.0,0.0,-0.005755646046561758,1.7743569953910272,491.5444564819336,506.04953466872325,477.03937829514393,491.2719385496374,507.1529672465312,499.2124528980843,523.47995824105,505.4682312011719
2022-12-06 00:00:00+05:30,495.5085101289615,499.07617745057786,493.8733380942238,497.6391906738281,873707,0.0,0.0,0.002395363959223573,1.778607226188583,491.40819091796874,505.62450995609316,477.1918718798443,491.2719385496374,507.1529672465312,499.2124528980843,523.47995824105,495.8058166503906
2022-12-07 00:00:00+05:30,496.499531519764,507.59893434173335,496.4499927656908,505.8646545410156,1606711,0.0,0.0,0.01652897123325392,1.8080057738655118,491.81450805664065,507.1634412044045,476.4655749088768,492.3868245124065,507.1529672465312,499.7698958794689,523.47995824105,497.0941467285156
2022-12-08 00:00:00+05:30,507.4007406953966,511.2161322265761,502.5447630928984,505.9142150878906,1703231,0.0,0.0,9.797195046168383e-05,1.8081829077176232,492.1341125488281,508.36250628120075,475.9057188164555,494.19542345482785,507.1529672465312,500.6741953506795,523.47995824105,492.0895080566406
2022-12-09 00:00:00+05:30,509.3827500372912,521.2749543183174,507.945763255958,519.045166015625,2940138,0.0,0.0,0.025954896178304043,1.855114107358818,493.3530639648437,513.4150341677598,473.2910937619277,501.67760665582534,507.1529672465312,504.41528695117825,523.47995824105,493.5760192871094
2022-12-12 00:00:00+05:30,522.9596815298256,530.1940935121487,520.283923539959,528.955322265625,4051574,0.0,0.0,0.019093051816807982,1.8905338971367114,495.0477020263672,520.4752105433967,469.62019350933764,512.0337158031863,507.1529672465312,509.5933415248587,523.47995824105,503.6844177246094
2022-12-13 00:00:00+05:30,529.8968455865344,529.8968455865344,519.9371360146271,523.2570190429688,787991,0.0,0.0,-0.010772749574102458,1.8701676489015056,496.53670501708984,524.7854068519139,468.28800318226587,512.0337158031863,503.68440409761416,507.85905995040025,523.47995824105,503.4862060546875
2022-12-14 00:00:00+05:30,525.1894642838661,525.1894642838661,518.3018841278133,520.3829956054688,1159310,0.0,0.0,-0.005492565475292754,1.8598956306401397,498.1074645996094,527.963838077183,468.25109112203575,512.0337158031863,503.68440409761416,507.85905995040025,521.9934327794019,496.8464050292969
2022-12-15 00:00:00+05:30,519.144242844949,521.0767381354667,512.15758493635,514.4865112304688,752911,0.0,0.0,-0.011331047372405756,1.838821065141626,499.63610992431643,529.5603720072644,469.7118478413684,512.0337158031863,503.68440409761416,507.85905995040025,520.729876447683,500.6618347167969
2022-12-16 00:00:00+05:30,512.554014190993,516.220789257716,507.8466833519663,509.5809631347656,1439095,0.0,0.0,-0.009534842971822166,1.8212881950322217,501.0284881591797,530.059766118186,471.9972102001734,512.0337158031863,503.68440409761416,507.85905995040025,520.729876447683,499.4230651855469
2022-12-19 00:00:00+05:30,510.3737791952652,521.8200139905208,508.5899606080753,520.7299194335938,1396813,0.0,0.0,0.021878675039671114,1.8611355676049208,502.8098419189453,532.0875098919688,473.53217394592184,513.3220431389198,503.68440409761416,508.50322361826693,520.729876447683,498.8779602050781
2022-12-20 00:00:00+05:30,520.7794374277665,525.0407984625307,514.585581131052,521.3740234375,1129137,0.0,0.0,0.0012369252848134504,1.863437653246957,504.7968292236328,533.4365591040121,476.1570993432536,516.3694283025236,503.68440409761416,510.02691620006885,520.0857250798136,500.8600158691406
2022-12-21 00:00:00+05:30,521.3740495994056,523.9507302402602,515.8739170293087,517.0136108398438,796069,0.0,0.0,-0.008363310026278992,1.8478531464382109,506.3378616333008,534.1016723783059,478.5740508882957,519.0203884320575,503.68440409761416,511.3523962648359,520.0857250798136,499.2743835449219
2022-12-22 00:00:00+05:30,519.6397488785485,522.7614766781076,515.6261420554572,517.65771484375,685397,0.0,0.0,0.0012458163390707266,1.8501552320802468,507.9656051635742,534.325629023956,481.60558130319237,519.0203884320575,503.68440409761416,511.3523962648359,518.4753182664135,499.7203369140625
2022-12-23 00:00:00+05:30,512.9503960782731,518.6983433039122,508.3917418857455,510.9188232421875,598327,0.0,0.0,-0.01301804533831119,1.8260698273861125,509.4174438476563,532.8808328279968,485.95405486731585,518.8717644692504,503.68440409761416,511.27808428343224,515.3536175196837,493.6256103515625
2022-12-26 00:00:00+05:30,509.2340710645906,517.9550692220845,507.49979128118326,513.7927856445312,490218,0.0,0.0,0.005625086161645365,1.8363416275023403,511.00307006835936,530.8306712971414,491.1754688395774,516.3446277825246,503.68440409761416,510.0145159400694,513.5202364194499,500.8104553222656
2022-12-27 00:00:00+05:30,517.0631439185157,518.9461005012796,513.3468299948081,514.23876953125,464951,0.0,0.0,0.0008680228667659051,1.8379356140262064,511.82066040039064,530.7353225243053,492.90599827647594,516.270294871857,503.68440409761416,509.97734948473556,513.5202364194499,495.2112426757813
2022-12-28 00:00:00+05:30,515.1801965768791,517.1126919492475,509.729602724337,514.5360717773438,433375,0.0,0.0,0.0005781404742484231,1.8389981989937376,512.4078384399414,530.8843401201956,493.93133675968727,516.270294871857,503.68440409761416,509.97734948473556,513.5202364194499,489.46331787109375
2022-12-29 00:00:00+05:30,511.5630041651745,515.2297792820212,507.64847479025536,510.7702026367188,762655,0.0,0.0,-0.007318960413439268,1.8255386439749164,513.0965957641602,530.1838467762367,496.0093447520836,516.270294871857,503.68440409761416,509.97734948473556,513.5202364194499,500.1663208007813
2022-12-30 00:00:00+05:30,513.5945872375652,515.0811128156768,504.4276795058769,505.2700500488281,406283,0.0,0.0,-0.010768350541001781,1.8058806039304494,513.3939010620118,529.6926523951124,497.09514972891105,514.7342389842038,503.68440409761416,509.20932154090895,513.5202364194499,493.1300964355469
2023-01-02 00:00:00+05:30,505.2700600851465,508.3917578125,496.49955295138886,501.702392578125,651385,0.0,0.0,-0.007060892428431775,1.793129475247505,513.6565200805665,528.9849346932912,498.3281054678418,510.22514159582454,503.68440409761416,506.9547728467194,513.5202364194499,496.4004211425781
2023-01-03 00:00:00+05:30,501.7023754999674,508.78817151659536,499.7698801784434,506.0133056640625,490270,0.0,0.0,0.008592570316009018,1.8085370663492777,514.0752258300781,528.0104446242163,500.1400070359399,509.6305148147482,506.137176252741,507.88384553374465,513.2724825375714,489.7606201171875
2023-01-04 00:00:00+05:30,506.40971020328993,510.0764853686741,500.46360793084426,501.603271484375,790246,0.0,0.0,-0.008715253394177114,1.7927752075432821,513.862156677246,528.4164325329591,499.30788082153293,507.72282672633423,512.0337158031863,509.87827126476026,513.2724825375714,490.70208740234375
2023-01-05 00:00:00+05:30,501.6032776752781,520.1848777494494,500.3149675977237,510.8692932128906,2901670,0.0,0.0,0.018472809599297646,1.8258928026065704,514.1099105834961,528.2738621546597,499.9459590123326,508.3422153504191,512.0337158031863,510.1879655768027,513.2724825375714,487.5803833007813
2023-01-06 00:00:00+05:30,510.86928804371166,512.7522446289256,503.0897981712736,508.4412841796875,896307,0.0,0.0,-0.004752701063579723,1.8172148799416397,513.5797164916992,527.7590371375161,499.4003958458823,508.3422153504191,512.0337158031863,510.1879655768027,513.2724825375714,489.6615295410156
2023-01-09 00:00:00+05:30,510.27471051174825,515.7748431202552,508.4908314068216,510.3242492675781,590344,0.0,0.0,0.003703407151385285,1.8239447665236193,512.6481628417969,524.9724202287313,500.3239054548624,508.3422153504191,512.0337158031863,510.1879655768027,513.2724825375714,488.9182739257813
2023-01-10 00:00:00+05:30,512.1575962482558,512.1575962482558,503.9817056351532,505.4682312011719,896497,0.0,0.0,-0.00951555422532957,1.8065889211937576,511.758723449707,523.4358564928369,500.08159040657705,508.3422153504191,512.0337158031863,510.1879655768027,513.2724825375714,490.1074523925781
2023-01-11 00:00:00+05:30,506.4097111535255,509.7295940671184,490.30568413543386,495.8058166503906,1810341,0.0,0.0,-0.01911577019948396,1.7720545825312841,510.5298645019531,523.4398113429429,497.6199176609633,505.2452809424416,510.24988882379125,507.7475848831164,513.2724825375714,485.1028442382813
2023-01-12 00:00:00+05:30,492.0399538427721,498.48156451745086,485.99474393015487,497.0941467285156,1961900,0.0,0.0,0.002598456966134144,1.7766591901056326,509.66024627685545,523.6938603798717,495.62663217383925,503.0898108398021,508.0944187211518,505.59211478047695,513.2724825375714,484.6568603515625
2023-01-13 00:00:00+05:30,498.4815801781703,500.31496778417375,489.859719676122,492.0895080566406,787686,0.0,0.0,-0.010067788375324072,1.7587721613645744,508.7856735229492,524.7941143167783,492.7772327291201,503.0898108398021,508.0944187211518,505.59211478047695,513.2724825375714,495.9049377441406
2023-01-16 00:00:00+05:30,493.1796185241242,494.6661440678984,490.1570286824925,493.5760192871094,548451,0.0,0.0,0.003020814721978793,1.764085086202231,507.427978515625,523.7602767874668,491.09568024378325,503.0898108398021,508.0944187211518,505.59211478047695,512.6035563544963,499.2248229980469
2023-01-17 00:00:00+05:30,493.42738516642856,505.0222967962748,489.8597177231343,503.6844177246094,2178054,0.0,0.0,0.02047992212445804,1.8002134113885706,506.54349822998046,521.6129956543714,491.4740008055896,503.0898108398021,507.9457947583446,505.51780279907337,512.6035563544963,496.4995422363281
2023-01-18 00:00:00+05:30,504.42768436059526,505.41870142220745,500.86001689010334,503.4862060546875,731495,0.0,0.0,-0.0003935235297078954,1.7995049850526934,505.8671279907227,520.183727324481,491.55052865696445,500.88479352520505,505.59210410701047,503.23844881610773,512.6035563544963,494.31927490234375
2023-01-19 00:00:00+05:30,503.3375546220035,503.58530888498376,495.5085259605154,496.8464050292969,978452,0.0,0.0,-0.013187652304161523,1.775773738990213,504.8265625,518.5717938869963,491.0813311130038,500.88479352520505,505.5177711963428,503.2012823607739,512.3310453165898,485.6974487304688
2023-01-20 00:00:00+05:30,490.9003105509248,502.0987913189473,490.9003105509248,500.6618347167969,3298721,0.0,0.0,0.007679294141768045,1.7894104278611462,504.31371307373047,517.8735945775751,490.7538315698859,499.07617008920533,505.5177711963428,502.29697064277406,507.1529672465312,487.4812927246094
2023-01-23 00:00:00+05:30,502.445655155675,502.7925171793227,497.0941690192732,499.4230651855469,605076,0.0,0.0,-0.002474263954932221,1.7849829541389095,503.59522705078126,516.5741197247905,490.61633437677193,497.86216899863666,505.5177711963428,501.6899700974897,507.1529672465312,491.4949035644531
2023-01-24 00:00:00+05:30,500.909563235568,506.954742843256,497.986050938652,498.8779602050781,1246731,0.0,0.0,-0.0010914693742993808,1.7830346999108204,502.82718658447266,514.9787497998417,490.67562336910356,496.4747433867054,505.5177711963428,500.9962572915241,507.1529672465312,494.51751708984375
2023-01-25 00:00:00+05:30,497.9365336894084,502.4951879687794,493.7742499417455,500.8600158691406,681724,0.0,0.0,0.003973027117188499,1.7901187451244542,502.1433837890625,513.0444076902284,491.2423598878967,498.40723028319513,504.97273708520754,501.68998368420137,507.1529672465312,495.0130004882813
2023-01-27 00:00:00+05:30,501.80149519810783,505.2700549137649,492.6841261338615,499.2743835449219,1000075,0.0,0.0,-0.0031658193386973066,1.7844515525825746,501.56859283447267,511.77218165644393,491.3650040125014,498.40723028319513,504.3781103041312,501.3926702936632,507.1529672465312,496.4500122070313
2023-01-30 00:00:00+05:30,499.4725826567922,503.58529727879016,495.80580755181694,499.7203369140625,1213003,0.0,0.0,0.0008932029838468747,1.7860454300338715,501.2911071777344,511.37685924211485,491.2053551133539,498.40723028319513,503.0898108398021,500.7485205614986,507.1529672465312,496.4500122070313
2023-01-31 00:00:00+05:30,501.2068849150345,502.5447640129274,489.06692576484335,493.6256103515625,2320622,0.0,0.0,-0.01219627482070662,1.7642623291269113,500.88726806640625,511.513148222361,490.2613879104515,498.0108343040497,503.0898108398021,500.5503225719259,507.1529672465312,
2023-02-01 00:00:00+05:30,493.62558195285146,502.4456273507548,492.188595181593,500.8104553222656,924112,0.0,0.0,0.01455525163207394,1.7899416112723423,500.6271255493164,510.9868590710723,490.26739202756056,498.0108343040497,503.0898108398021,500.5503225719259,507.1529672465312,
2023-02-02 00:00:00+05:30,500.21586678897313,500.21586678897313,491.09849763472,495.2112426757813,1173574,0.0,0.0,-0.011180303020793203,1.7699295216687907,500.3075241088867,510.92114486877813,489.69390334899526,498.0108343040497,503.0898108398021,500.5503225719259,507.1529672465312,
2023-02-03 00:00:00+05:30,495.2112349415045,496.6481915265269,487.6794992678107,489.46331787109375,1168245,0.0,0.0,-0.011607015974899326,1.7493859214363352,499.2372253417969,509.6889730874506,488.78547759614315,497.31712105553333,503.0898108398021,500.2034659476677,507.1529672465312,
2023-02-06 00:00:00+05:30,489.4633184383573,506.90522469148345,489.1660254186123,500.1663208007813,2365306,0.0,0.0,0.02186681317864636,1.7876394165577376,498.82347717285154,508.39389502071214,489.25305932499094,497.31712105553333,503.0898108398021,500.2034659476677,507.1529672465312,
2023-02-07 00:00:00+05:30,503.43666783867417,503.6348833485853,489.4137824505173,493.1300964355469,1331226,0.0,0.0,-0.01406776920519004,1.7624913178235029,497.96376953125,506.23509852838885,489.6924405341112,497.29236197964707,503.0898108398021,500.19108640972456,507.1529672465312,
2023-02-08 00:00:00+05:30,493.1300770616126,497.98605442924975,492.0399522868109,496.4004211425781,936630,0.0,0.0,0.00663176863604531,1.774179752466347,497.5103790283203,505.0397282346555,489.9810298219851,497.29236197964707,503.0898108398021,500.19108640972456,507.1529672465312,
2023-02-09 00:00:00+05:30,496.4995237108979,497.7878337309358,487.08486208364536,489.7606201171875,1121421,0.0,0.0,-0.013375897244622847,1.7504485064038666,497.20811920166017,505.44689558891645,488.9693428144039,496.9950433875644,503.0898108398021,500.0424271136833,507.1529672465312,
2023-02-10 00:00:00+05:30,491.2967036824175,492.08950522688895,487.58038973625696,490.70208740234375,665580,0.0,0.0,0.001922300908821395,1.753813395158572,496.8885162353516,505.6074679962521,488.169564474451,496.9950433875644,503.0898108398021,500.0424271136833,507.1529672465312,
2023-02-13 00:00:00+05:30,490.70208092566537,494.17064056296766,486.2425042491338,487.5803833007813,731063,0.0,0.0,-0.006361709439810959,1.7426561439269248,496.6630599975586,506.0798544656743,487.2462655294429,496.57386447030865,500.88479352520505,498.72932899775685,507.1529672465312,
2023-02-14 00:00:00+05:30,489.0669132634359,494.3688605197417,486.9857714136269,489.6615295410156,1613823,0.0,0.0,0.004268314131396167,1.7500943477722124,496.4673355102539,506.291076945118,486.64359407538984,496.57386447030865,500.88479352520505,498.72932899775685,507.1529672465312,
2023-02-15 00:00:00+05:30,489.6615367227972,490.8012002962002,485.0037444307876,488.9182739257813,804095,0.0,0.0,-0.001517896690661047,1.7474378853533843,495.7290283203125,505.4908304164121,485.96722622421294,495.95448456113553,498.5806703395217,497.26757745032864,507.1529672465312,
2023-02-16 00:00:00+05:30,489.6615128821449,491.742654661151,487.5308323497926,490.1074523925781,1067189,0.0,0.0,0.0024322643071781336,1.7516881161509401,495.06009063720705,504.4252590711187,485.6949222032954,495.95448456113553,497.36666924895303,496.6605769050443,507.1529672465312,
2023-02-17 00:00:00+05:30,488.57140390086346,492.5354720866716,483.7154264219364,485.1028442382813,864738,0.0,0.0,-0.010211246798769613,1.7338011964824511,494.47291259765626,504.7546162538289,484.19120894148364,493.67515488526084,495.3350846325962,494.5051197589285,507.1529672465312,
2023-02-20 00:00:00+05:30,487.8281269052036,487.87766565870703,481.6342705453102,484.6568603515625,699230,0.0,0.0,-0.0009193594554555151,1.7322072099585848,493.6726638793945,504.39000141615116,482.9553263426379,489.81016248727997,494.2945066942831,492.0523345907815,507.1529672465312,
2023-02-21 00:00:00+05:30,490.2561585688241,496.5490927935047,486.936245322482,495.9049377441406,1498550,0.0,0.0,0.02320833214744744,1.7724088502355069,493.4967575073242,503.93983625096485,483.0536787636836,489.711052138123,494.2945066942831,492.00277941620305,507.1529672465312,
2023-02-22 00:00:00+05:30,496.2517719429717,500.8599950296504,493.8733371475993,499.2248229980469,1412597,0.0,0.0,0.006694600116321281,1.7842744187304624,493.5141006469727,503.99435792410924,483.0338433698361,491.24713278748027,494.2945066942831,492.7708197408817,507.1529672465312,
2023-02-23 00:00:00+05:30,499.4725933874439,500.46361043781576,491.742672491919,496.4995422363281,896170,0.0,0.0,-0.005459024944617807,1.7745340201705695,493.296076965332,503.32279213341957,483.26936179724447,491.24713278748027,494.2945066942831,492.7708197408817,507.1529672465312,
2023-02-24 00:00:00+05:30,497.4905414471916,498.927528216078,491.2966851044725,494.31927490234375,399292,0.0,0.0,-0.004391277631725532,1.7667415486210585,493.04832153320314,502.7060746433297,483.39056842307656,491.24713278748027,494.2945066942831,492.7708197408817,503.68440409761416,
2023-02-27 00:00:00+05:30,495.0130026924088,495.0130026924088,480.7423636184327,485.6974487304688,753190,0.0,0.0,-0.017441816675221156,1.7359263664175137,492.34717712402346,502.0016582223679,482.692696025679,490.8011793240415,493.84855323084435,492.32486627744294,503.68440409761416,
2023-02-28 00:00:00+05:30,487.5804004807123,490.9994214838986,482.4270995977674,487.4812927246094,1995562,0.0,0.0,0.00367274730143885,1.7423019852952701,492.03996124267576,501.9032312482156,482.1766912371359,490.8011793240415,493.84855323084435,492.32486627744294,503.68440409761416,
2023-03-01 00:00:00+05:30,490.5534252973149,494.5174933805255,487.5803742349069,491.4949035644531,1161720,0.0,0.0,0.00823336382286799,1.7566469914295113,491.57418365478514,500.5694122288553,482.578955080715,490.8011793240415,493.84855323084435,492.32486627744294,503.68440409761416,
2023-03-02 00:00:00+05:30,493.5265000215274,495.5580729141996,488.2245526573469,494.51751708984375,1047352,0.0,0.0,0.0061498369636587835,1.7674500840295044,491.5394973754883,500.4830022601849,482.5959924907917,490.8011793240415,493.8237941549581,492.31248673949983,503.68440409761416,
2023-03-03 00:00:00+05:30,495.8058020053012,497.0445732777944,491.1480401667903,495.0130004882813,689611,0.0,0.0,0.0010019531792391234,1.7692209862603443,491.81698150634764,500.8304623766188,482.8035006360765,490.8011793240415,493.8237941549581,492.31248673949983,503.68440409761416,
2023-03-06 00:00:00+05:30,495.7067494061884,499.2743866554816,494.51751682746345,496.4500122070313,675747,0.0,0.0,0.0029029777345899177,1.7743569953910272,491.6311660766602,500.07795735526884,483.1843747980515,490.8011793240415,493.8237941549581,492.31248673949983,503.68440409761416,
2023-03-08 00:00:00+05:30,495.9500122070313,500.5,492.6000061035156,496.4500122070313,1443776,4.5,0.0,0.0,1.7743569953910272,491.7971618652344,500.48495089016853,483.10937284030024,490.62118180921635,493.8237941549581,492.2224879820872,503.68440409761416,
